
Histogram PWDR CW x-ray simulation

Phase alpha-prime-martensite-SRI
==============================================================================================
   h,k,l  2-theta        F_obs       F_calc   phase   mult      sig      gam     FWHM     Prfo
==============================================================================================
   1,1,0   44.333     1206.594     1204.971    0.00      4  0.04382  0.05022  0.13204   1.0000
   1,0,1   44.395     1203.930     1203.393    0.00      8  0.04381  0.05027  0.13207   1.0000
   2,0,0   64.495      795.126      785.694    0.00      4  0.04310  0.07020  0.14364   1.0000
   0,0,2   64.689      788.616      782.511    0.00      2  0.04309  0.07041  0.14378   1.0000
   2,1,1   81.656      559.319      557.328    0.00     16  0.04350  0.09154  0.15951   1.0000
   1,1,2   81.788      558.033      555.941    0.00      8  0.04351  0.09172  0.15966   1.0000
   2,2,0   97.980      428.528      420.018    0.00      4  0.04555  0.11820  0.18347   1.0000
   2,0,2   98.157      425.401      418.851    0.00      8  0.04559  0.11853  0.18380   1.0000
   3,1,0  115.058      333.682      330.673    0.00      8  0.05123  0.15812  0.22561   1.0000
   3,0,1  115.106      334.086      330.478    0.00      8  0.05126  0.15826  0.22576   1.0000
   1,0,3  115.493      332.346      328.923    0.00      8  0.05146  0.15939  0.22703   1.0000
   2,2,2  135.340      272.273      269.115    0.00      8  0.06925  0.24106  0.32647   1.0000

Phase austenite-SRI
==============================================================================================
   h,k,l  2-theta        F_obs       F_calc   phase   mult      sig      gam     FWHM     Prfo
==============================================================================================
   1,1,1   43.597     4758.138     4761.807    0.00      8  0.04386  0.04956  0.13172   1.0000
   2,0,0   50.781     4066.930     4054.358    0.00      6  0.04349  0.05617  0.13514   1.0000
   2,2,0   74.659     2385.628     2371.873    0.00     12  0.04318  0.08220  0.15216   1.0000
   3,1,1   90.643     1721.401     1714.033    0.00     24  0.04435  0.10521  0.17129   1.0000
   2,2,2   95.920     1545.842     1555.204    0.00      8  0.04516  0.11436  0.17978   1.0000
   4,0,0  118.090     1117.088     1101.547    0.00      6  0.05288  0.16727  0.23603   1.0000
   3,3,1  138.301      888.096      883.514    0.00     24  0.07393  0.25952  0.35028   1.0000
   4,2,0  146.990      827.427      825.843    0.00     24  0.09358  0.33216  0.44630   1.0000

Phase epsilon-martensite-SRI
==============================================================================================
   h,k,l  2-theta        F_obs       F_calc   phase   mult      sig      gam     FWHM     Prfo
==============================================================================================
   1,0,0   41.187     1303.013     1286.615    0.00      6  0.04400  0.04743  0.13071   1.0000
   0,0,2   43.599     1222.657     1223.622   -0.00      2  0.04386  0.04956  0.13172   1.0000
   1,0,1   46.874        0.000        0.000    0.00     12  0.04368  0.05252  0.13320   1.0000
   1,0,2   61.527      843.266      836.402   -0.00     12  0.04314  0.06698  0.14154   1.0000
   1,1,0   75.068      629.329      632.975    0.00      6  0.04319  0.08272  0.15255   1.0000
   1,0,3   82.416        0.000        0.000    0.00     12  0.04355  0.09261  0.16040   1.0000
   2,0,0   89.414      490.828      484.211    0.00      6  0.04420  0.10321  0.16950   1.0000
   1,1,2   91.039      473.458      470.803   -0.00     12  0.04440  0.10587  0.17188   1.0000
   2,0,1   93.366        0.000        0.000    0.00     12  0.04474  0.10981  0.17550   1.0000
   0,0,4   95.926      431.332      434.016   -0.00      2  0.04516  0.11437  0.17979   1.0000
   2,0,2  105.401      393.193      375.762   -0.00     12  0.04741  0.13354  0.19892   1.0000
   1,0,4  110.529      356.665      350.253   -0.00     12  0.04920  0.14583  0.21199   1.0000
   2,0,3  127.614        0.000        0.000    0.00     12  0.06009  0.20233  0.27785   1.0000
   2,1,0  137.062      267.274      265.456    0.00     12  0.07187  0.25150  0.33989   1.0000
   2,1,1  143.230        0.000        0.000    0.00     24  0.08376  0.29663  0.39893   1.0000
   1,1,4  147.733      247.453      246.978   -0.00     12  0.09582  0.34014  0.45701   1.0000
