x            y_obs        weight       y_calc       y_bkg        
1.959        58.632       0.01706      0.0          0.0          
1.968        62.076       0.01611      0.0          0.0          
1.977        62.428       0.01602      0.0          0.0          
1.986        57.923       0.01726      0.0          0.0          
1.995        56.725       0.01763      0.0          0.0          
2.005        62.935       0.01589      0.0          0.0          
2.014        65.078       0.01537      0.0          0.0          
2.023        64.324       0.01555      0.0          0.0          
2.032        61.19        0.01634      0.0          0.0          
2.041        61.496       0.01626      0.0          0.0          
2.05         58.279       0.01716      0.0          0.0          
2.059        59.725       0.01674      0.0          0.0          
2.069        53.461       0.01871      0.0          0.0          
2.078        55.908       0.01789      0.0          0.0          
2.087        55.396       0.01805      0.0          0.0          
2.096        55.048       0.01817      0.0          0.0          
2.105        58.423       0.01712      0.0          0.0          
2.114        56.707       0.01763      0.0          0.0          
2.123        56.633       0.01766      0.0          0.0          
2.133        57.061       0.01753      0.0          0.0          
2.142        59.737       0.01674      0.0          0.0          
2.151        57.83        0.01729      0.0          0.0          
2.16         59.624       0.01677      0.0          0.0          
2.169        56.427       0.01772      0.0          0.0          
2.178        59.133       0.01691      0.0          0.0          
2.187        59.031       0.01694      0.0          0.0          
2.197        54.81        0.01824      0.0          0.0          
2.206        54.855       0.01823      0.0          0.0          
2.215        57.368       0.01743      0.0          0.0          
2.224        56.26        0.01777      0.0          0.0          
2.233        57.275       0.01746      0.0          0.0          
2.242        58.408       0.01712      0.0          0.0          
2.251        55.386       0.01805      0.0          0.0          
2.261        58.728       0.01703      0.0          0.0          
2.27         58.348       0.01714      0.0          0.0          
2.279        62.025       0.01612      0.0          0.0          
2.288        62.366       0.01603      0.0          0.0          
2.297        59.49        0.01681      0.0          0.0          
2.306        59.28        0.01687      0.0          0.0          
2.315        58.968       0.01696      0.0          0.0          
2.325        58.143       0.0172       0.0          0.0          
2.334        55.199       0.01812      0.0          0.0          
2.343        54.267       0.01843      0.0          0.0          
2.352        58.286       0.01716      0.0          0.0          
2.361        57.553       0.01738      0.0          0.0          
2.37         59.751       0.01674      0.0          0.0          
2.379        55.648       0.01797      0.0          0.0          
2.389        55.455       0.01803      0.0          0.0          
2.398        59.791       0.01672      0.0          0.0          
2.407        58.051       0.01723      0.0          0.0          
2.416        56.691       0.01764      0.0          0.0          
2.425        59.424       0.01683      0.0          0.0          
2.434        60.846       0.01643      0.0          0.0          
2.443        57.371       0.01743      0.0          0.0          
2.453        56.815       0.0176       0.0          0.0          
2.462        56.153       0.01781      0.0          0.0          
2.471        57.447       0.01741      0.0          0.0          
2.48         58.436       0.01711      0.0          0.0          
2.489        59.634       0.01677      0.0          0.0          
2.498        58.99        0.01695      0.0          0.0          
2.507        56.713       0.01763      0.0          0.0          
2.517        57.429       0.01741      0.0          0.0          
2.526        59.411       0.01683      0.0          0.0          
2.535        58.032       0.01723      0.0          0.0          
2.544        57.049       0.01753      0.0          0.0          
2.553        56.794       0.01761      0.0          0.0          
2.562        59.214       0.01689      0.0          0.0          
2.571        59.113       0.01692      0.0          0.0          
2.581        59.431       0.01683      0.0          0.0          
2.59         58.149       0.0172       0.0          0.0          
2.599        57.663       0.01734      0.0          0.0          
2.608        59.185       0.0169       0.0          0.0          
2.617        58.228       0.01717      0.0          0.0          
2.626        59.813       0.01672      0.0          0.0          
2.635        58.941       0.01697      0.0          0.0          
2.645        58.853       0.01699      0.0          0.0          
2.654        62.207       0.01608      0.0          0.0          
2.663        60.442       0.01654      0.0          0.0          
2.672        58.309       0.01715      0.0          0.0          
2.681        60.128       0.01663      0.0          0.0          
2.69         59.725       0.01674      0.0          0.0          
2.699        55.309       0.01808      0.0          0.0          
2.709        59.651       0.01676      0.0          0.0          
2.718        60.103       0.01664      0.0          0.0          
2.727        59.635       0.01677      0.0          0.0          
2.736        56.999       0.01754      0.0          0.0          
2.745        57.156       0.0175       0.0          0.0          
2.754        57.387       0.01743      0.0          0.0          
2.763        59.162       0.0169       0.0          0.0          
2.773        60.507       0.01653      0.0          0.0          
2.782        57.948       0.01726      0.0          0.0          
2.791        59.192       0.01689      0.0          0.0          
2.8          57.989       0.01724      0.0          0.0          
2.809        58.972       0.01696      0.0          0.0          
2.818        58.182       0.01719      0.0          0.0          
2.827        60.154       0.01662      0.0          0.0          
2.837        57.583       0.01737      0.0          0.0          
2.846        61.471       0.01627      0.0          0.0          
2.855        64.112       0.0156       0.0          0.0          
2.864        61.971       0.01614      0.0          0.0          
2.873        60.346       0.01657      0.0          0.0          
2.882        58.104       0.01721      0.0          0.0          
2.891        57.82        0.01729      0.0          0.0          
2.901        61.308       0.01631      0.0          0.0          
2.91         60.809       0.01644      0.0          0.0          
2.919        60.274       0.01659      0.0          0.0          
2.928        59.629       0.01677      0.0          0.0          
2.937        59.003       0.01695      0.0          0.0          
2.946        59.753       0.01674      0.0          0.0          
2.955        59.738       0.01674      0.0          0.0          
2.965        60.926       0.01641      0.0          0.0          
2.974        62.388       0.01603      0.0          0.0          
2.983        57.336       0.01744      0.0          0.0          
2.992        60.028       0.01666      0.0          0.0          
3.001        60.958       0.0164       0.0          0.0          
3.01         64.872       0.01542      0.0          0.0          
3.019        61.263       0.01632      0.0          0.0          
3.029        61.121       0.01636      0.0          0.0          
3.038        58.879       0.01698      0.0          0.0          
3.047        60.897       0.01642      0.0          0.0          
3.056        63.168       0.01583      0.0          0.0          
3.065        59.574       0.01679      0.0          0.0          
3.074        59.948       0.01668      0.0          0.0          
3.083        63.73        0.01569      0.0          0.0          
3.093        61.685       0.01621      0.0          0.0          
3.102        61.384       0.01629      0.0          0.0          
3.111        64.414       0.01552      0.0          0.0          
3.12         59.895       0.0167       0.0          0.0          
3.129        60.68        0.01648      0.0          0.0          
3.138        63.35        0.01579      0.0          0.0          
3.147        59.138       0.01691      0.0          0.0          
3.157        62.242       0.01607      0.0          0.0          
3.166        61.861       0.01617      0.0          0.0          
3.175        61.762       0.01619      0.0          0.0          
3.184        66.93        0.01494      0.0          0.0          
3.193        68.73        0.01455      0.0          0.0          
3.202        72.95        0.01371      0.0          0.0          
3.211        81.585       0.01226      0.0          0.0          
3.221        81.565       0.01226      0.0          0.0          
3.23         77.679       0.01287      0.0          0.0          
3.239        70.451       0.01419      0.0          0.0          
3.248        67.403       0.01484      0.0          0.0          
3.257        62.492       0.016        0.0          0.0          
3.266        63.479       0.01575      0.0          0.0          
3.275        63.294       0.0158       0.0          0.0          
3.285        64.187       0.01558      0.0          0.0          
3.294        61.112       0.01636      0.0          0.0          
3.303        64.053       0.01561      0.0          0.0          
3.312        59.191       0.01689      0.0          0.0          
3.321        64.355       0.01554      0.0          0.0          
3.33         63.126       0.01584      0.0          0.0          
3.339        64.659       0.01547      0.0          0.0          
3.349        63.57        0.01573      0.0          0.0          
3.358        67.729       0.01476      0.0          0.0          
3.367        63.929       0.01564      0.0          0.0          
3.376        65.73        0.01521      0.0          0.0          
3.385        66.897       0.01495      0.0          0.0          
3.394        65.805       0.0152       0.0          0.0          
3.403        64.082       0.01561      0.0          0.0          
3.413        62.811       0.01592      0.0          0.0          
3.422        65.524       0.01526      0.0          0.0          
3.431        66.168       0.01511      0.0          0.0          
3.44         64.807       0.01543      0.0          0.0          
3.449        67.653       0.01478      0.0          0.0          
3.458        68.667       0.01456      0.0          0.0          
3.468        66.73        0.01499      0.0          0.0          
3.477        68.031       0.0147       0.0          0.0          
3.486        67.825       0.01474      0.0          0.0          
3.495        68.991       0.01449      0.0          0.0          
3.504        69.529       0.01438      0.0          0.0          
3.513        69.989       0.01429      0.0          0.0          
3.522        69.288       0.01443      0.0          0.0          
3.532        68.378       0.01462      0.0          0.0          
3.541        66.291       0.01508      0.0          0.0          
3.55         69.171       0.01446      0.0          0.0          
3.559        67.44        0.01483      0.0          0.0          
3.568        70.107       0.01426      0.0          0.0          
3.577        68.831       0.01453      0.0          0.0          
3.586        65.299       0.01531      0.0          0.0          
3.596        67.396       0.01484      0.0          0.0          
3.605        70.657       0.01415      0.0          0.0          
3.614        69.79        0.01433      0.0          0.0          
3.623        69.022       0.01449      0.0          0.0          
3.632        70.489       0.01419      0.0          0.0          
3.641        70.538       0.01418      0.0          0.0          
3.65         73.632       0.01358      0.0          0.0          
3.66         71.148       0.01406      0.0          0.0          
3.669        73.594       0.01359      0.0          0.0          
3.678        71.718       0.01394      0.0          0.0          
3.687        78.693       0.01271      0.0          0.0          
3.696        82.03        0.01219      0.0          0.0          
3.705        87.731       0.0114       0.0          0.0          
3.714        97.454       0.01026      0.0          0.0          
3.724        99.084       0.01009      0.0          0.0          
3.733        94.552       0.01058      0.0          0.0          
3.742        86.875       0.01151      0.0          0.0          
3.751        86.79        0.01152      0.0          0.0          
3.76         83.671       0.01195      0.0          0.0          
3.769        84.558       0.01183      0.0          0.0          
3.778        88.027       0.01136      0.0          0.0          
3.788        87.34        0.01145      0.0          0.0          
3.797        88.819       0.01126      0.0          0.0          
3.806        90.74        0.01102      0.0          0.0          
3.815        95.082       0.01052      0.0          0.0          
3.824        93.641       0.01068      0.0          0.0          
3.833        99.906       0.01001      0.0          0.0          
3.842        102.619      0.00974      0.0          0.0          
3.852        105.859      0.00945      0.0          0.0          
3.861        109.284      0.00915      0.0          0.0          
3.87         121.897      0.0082       0.0          0.0          
3.879        130.97       0.00764      0.0          0.0          
3.888        144.051      0.00694      0.0          0.0          
3.897        168.701      0.00593      0.0          0.0          
3.906        212.969      0.0047       0.0          0.0          
3.916        314.147      0.00318      0.0          0.0          
3.925        615.738      0.00162      0.0          0.0          
3.934        1448.219     0.00069      0.0          0.0          
3.943        2626.19      0.00038      0.0          0.0          
3.952        2973.421     0.00034      0.0          0.0          
3.961        2289.499     0.00044      0.0          0.0          
3.971        1326.798     0.00075      0.0          0.0          
3.98         933.281      0.00107      0.0          0.0          
3.989        1236.755     0.00081      0.0          0.0          
3.998        2302.666     0.00043      0.0          0.0          
4.007        4434.31      0.00023      0.0          0.0          
4.016        7272.487     0.00014      0.0          0.0          
4.025        9037.573     0.00011      0.0          0.0          
4.035        8809.227     0.00011      0.0          0.0          
4.044        7139.453     0.00014      0.0          0.0          
4.053        4787.315     0.00021      0.0          0.0          
4.062        2678.791     0.00037      0.0          0.0          
4.071        1334.925     0.00075      0.0          0.0          
4.08         669.212      0.00149      0.0          0.0          
4.089        393.582      0.00254      0.0          0.0          
4.099        270.717      0.00369      0.0          0.0          
4.108        212.939      0.0047       0.0          0.0          
4.117        175.086      0.00571      0.0          0.0          
4.126        156.582      0.00639      0.0          0.0          
4.135        142.866      0.007        0.0          0.0          
4.144        129.062      0.00775      0.0          0.0          
4.153        122.659      0.00815      0.0          0.0          
4.163        113.21       0.00883      0.0          0.0          
4.172        107.455      0.00931      0.0          0.0          
4.181        103.821      0.00963      0.0          0.0          
4.19         100.525      0.00995      0.0          0.0          
4.199        96.427       0.01037      0.0          0.0          
4.208        95.665       0.01045      0.0          0.0          
4.217        93.143       0.01074      0.0          0.0          
4.227        91.508       0.01093      0.0          0.0          
4.236        87.672       0.01141      0.0          0.0          
4.245        86.879       0.01151      0.0          0.0          
4.254        85.797       0.01166      0.0          0.0          
4.263        84.388       0.01185      0.0          0.0          
4.272        83.474       0.01198      0.0          0.0          
4.281        82.42        0.01213      0.0          0.0          
4.291        80.549       0.01241      0.0          0.0          
4.3          80.679       0.01239      0.0          0.0          
4.309        80.884       0.01236      0.0          0.0          
4.318        79.738       0.01254      0.0          0.0          
4.327        80.832       0.01237      0.0          0.0          
4.336        78.18        0.01279      0.0          0.0          
4.346        79.359       0.0126       0.0          0.0          
4.355        78.239       0.01278      0.0          0.0          
4.364        80.642       0.0124       0.0          0.0          
4.373        78.943       0.01267      0.0          0.0          
4.382        78.107       0.0128       0.0          0.0          
4.391        77.795       0.01285      0.0          0.0          
4.4          78.054       0.01281      0.0          0.0          
4.41         78.413       0.01275      0.0          0.0          
4.419        80.534       0.01242      0.0          0.0          
4.428        80.817       0.01237      0.0          0.0          
4.437        81.205       0.01231      0.0          0.0          
4.446        82.207       0.01216      0.0          0.0          
4.455        83.285       0.01201      0.0          0.0          
4.464        86.017       0.01163      0.0          0.0          
4.474        88.552       0.01129      0.0          0.0          
4.483        92.147       0.01085      0.0          0.0          
4.492        100.829      0.00992      0.0          0.0          
4.501        115.823      0.00863      0.0          0.0          
4.51         135.309      0.00739      0.0          0.0          
4.519        174.598      0.00573      0.0          0.0          
4.528        255.745      0.00391      0.0          0.0          
4.538        421.145      0.00237      0.0          0.0          
4.547        744.28       0.00134      0.0          0.0          
4.556        1128.714     0.00089      0.0          0.0          
4.565        1287.845     0.00078      0.0          0.0          
4.574        1047.932     0.00095      0.0          0.0          
4.583        618.136      0.00162      0.0          0.0          
4.593        346.668      0.00288      0.0          0.0          
4.602        202.392      0.00494      0.0          0.0          
4.611        142.207      0.00703      0.0          0.0          
4.62         113.146      0.00884      0.0          0.0          
4.629        97.676       0.01024      0.0          0.0          
4.638        89.389       0.01119      0.0          0.0          
4.647        83.319       0.012        0.0          0.0          
4.657        79.931       0.01251      0.0          0.0          
4.666        77.299       0.01294      0.0          0.0          
4.675        71.413       0.014        0.0          0.0          
4.684        75.739       0.0132       0.0          0.0          
4.693        73.061       0.01369      0.0          0.0          
4.702        73.49        0.01361      0.0          0.0          
4.711        70.777       0.01413      0.0          0.0          
4.721        69.452       0.0144       0.0          0.0          
4.73         70.597       0.01416      0.0          0.0          
4.739        72.025       0.01388      0.0          0.0          
4.748        69.135       0.01446      0.0          0.0          
4.757        68.706       0.01455      0.0          0.0          
4.766        69.99        0.01429      0.0          0.0          
4.775        68.209       0.01466      0.0          0.0          
4.785        67.598       0.01479      0.0          0.0          
4.794        67.651       0.01478      0.0          0.0          
4.803        70.127       0.01426      0.0          0.0          
4.812        67.931       0.01472      0.0          0.0          
4.821        67.108       0.0149       0.0          0.0          
4.83         69.05        0.01448      0.0          0.0          
4.84         67.699       0.01477      0.0          0.0          
4.849        67.629       0.01479      0.0          0.0          
4.858        68.445       0.01461      0.0          0.0          
4.867        67.496       0.01482      0.0          0.0          
4.876        66.396       0.01506      0.0          0.0          
4.885        67.424       0.01483      0.0          0.0          
4.894        66.349       0.01507      0.0          0.0          
4.904        65.5         0.01527      0.0          0.0          
4.913        67.219       0.01488      0.0          0.0          
4.922        64.921       0.0154       0.0          0.0          
4.931        64.618       0.01548      0.0          0.0          
4.94         66.291       0.01508      0.0          0.0          
4.949        65.304       0.01531      0.0          0.0          
4.958        66.256       0.01509      0.0          0.0          
4.968        65.351       0.0153       0.0          0.0          
4.977        66.646       0.015        0.0          0.0          
4.986        66.368       0.01507      0.0          0.0          
4.995        66.806       0.01497      0.0          0.0          
5.004        67.017       0.01492      0.0          0.0          
5.013        66.56        0.01502      0.0          0.0          
5.023        66.468       0.01504      0.0          0.0          
5.032        66.7         0.01499      0.0          0.0          
5.041        64.923       0.0154       0.0          0.0          
5.05         64.37        0.01554      0.0          0.0          
5.059        65.955       0.01516      0.0          0.0          
5.068        66.407       0.01506      0.0          0.0          
5.077        66.568       0.01502      0.0          0.0          
5.087        65.383       0.01529      0.0          0.0          
5.096        66.447       0.01505      0.0          0.0          
5.105        64.412       0.01553      0.0          0.0          
5.114        65.453       0.01528      0.0          0.0          
5.123        64.637       0.01547      0.0          0.0          
5.132        66.333       0.01508      0.0          0.0          
5.141        63.976       0.01563      0.0          0.0          
5.151        64.658       0.01547      0.0          0.0          
5.16         64.64        0.01547      0.0          0.0          
5.169        63.746       0.01569      0.0          0.0          
5.178        64.661       0.01547      0.0          0.0          
5.187        64.713       0.01545      0.0          0.0          
5.196        68.409       0.01462      0.0          0.0          
5.206        66.176       0.01511      0.0          0.0          
5.215        67.495       0.01482      0.0          0.0          
5.224        66.609       0.01501      0.0          0.0          
5.233        68.469       0.01461      0.0          0.0          
5.242        68.319       0.01464      0.0          0.0          
5.251        68.895       0.01451      0.0          0.0          
5.26         71.015       0.01408      0.0          0.0          
5.27         71.333       0.01402      0.0          0.0          
5.279        69.72        0.01434      0.0          0.0          
5.288        67.416       0.01483      0.0          0.0          
5.297        68.359       0.01463      0.0          0.0          
5.306        67.026       0.01492      0.0          0.0          
5.315        65.113       0.01536      0.0          0.0          
5.324        67.786       0.01475      0.0          0.0          
5.334        65.09        0.01536      0.0          0.0          
5.343        66.977       0.01493      0.0          0.0          
5.352        68.16        0.01467      0.0          0.0          
5.361        66.617       0.01501      0.0          0.0          
5.37         67.295       0.01486      0.0          0.0          
5.379        67.765       0.01476      0.0          0.0          
5.389        65.846       0.01519      0.0          0.0          
5.398        67.664       0.01478      0.0          0.0          
5.407        65.885       0.01518      0.0          0.0          
5.416        65.533       0.01526      0.0          0.0          
5.425        65.836       0.01519      0.0          0.0          
5.434        68.215       0.01466      0.0          0.0          
5.443        66.727       0.01499      0.0          0.0          
5.453        68.431       0.01461      0.0          0.0          
5.462        66.79        0.01497      0.0          0.0          
5.471        64.537       0.01549      0.0          0.0          
5.48         67.403       0.01484      0.0          0.0          
5.489        67.264       0.01487      0.0          0.0          
5.498        67.825       0.01474      0.0          0.0          
5.507        68.653       0.01457      0.0          0.0          
5.517        66.053       0.01514      0.0          0.0          
5.526        67.848       0.01474      0.0          0.0          
5.535        67.985       0.01471      0.0          0.0          
5.544        68.254       0.01465      0.0          0.0          
5.553        72.287       0.01383      0.0          0.0          
5.562        72.097       0.01387      0.0          0.0          
5.572        75.856       0.01318      0.0          0.0          
5.581        74.358       0.01345      0.0          0.0          
5.59         79.183       0.01263      0.0          0.0          
5.599        87.851       0.01138      0.0          0.0          
5.608        99.074       0.01009      0.0          0.0          
5.617        118.953      0.00841      0.0          0.0          
5.626        151.072      0.00662      0.0          0.0          
5.636        196.264      0.0051       0.0          0.0          
5.645        257.824      0.00388      0.0          0.0          
5.654        328.527      0.00304      0.0          0.0          
5.663        406.206      0.00246      0.0          0.0          
5.672        482.655      0.00207      0.0          0.0          
5.681        557.917      0.00179      0.0          0.0          
5.691        638.084      0.00157      0.0          0.0          
5.7          684.83       0.00146      0.0          0.0          
5.709        729.341      0.00137      0.0          0.0          
5.718        733.855      0.00136      0.0          0.0          
5.727        711.155      0.00141      0.0          0.0          
5.736        633.83       0.00158      0.0          0.0          
5.745        534.861      0.00187      0.0          0.0          
5.755        433.68       0.00231      0.0          0.0          
5.764        330.193      0.00303      0.0          0.0          
5.773        244.267      0.00409      0.0          0.0          
5.782        181.201      0.00552      0.0          0.0          
5.791        136.696      0.00732      0.0          0.0          
5.8          108.654      0.0092       0.0          0.0          
5.81         94.051       0.01063      0.0          0.0          
5.819        85.242       0.01173      0.0          0.0          
5.828        78.322       0.01277      0.0          0.0          
5.837        75.989       0.01316      0.0          0.0          
5.846        73.15        0.01367      0.0          0.0          
5.855        73.868       0.01354      0.0          0.0          
5.864        70.886       0.01411      0.0          0.0          
5.874        70.171       0.01425      0.0          0.0          
5.883        69.219       0.01445      0.0          0.0          
5.892        67.449       0.01483      0.0          0.0          
5.901        68.185       0.01467      0.0          0.0          
5.91         68.317       0.01464      0.0          0.0          
5.919        68.911       0.01451      0.0          0.0          
5.928        69.145       0.01446      0.0          0.0          
5.938        67.595       0.01479      0.0          0.0          
5.947        68.151       0.01467      0.0          0.0          
5.956        67.816       0.01475      0.0          0.0          
5.965        68.951       0.0145       0.0          0.0          
5.974        66.584       0.01502      0.0          0.0          
5.983        67.574       0.0148       0.0          0.0          
5.993        66.013       0.01515      0.0          0.0          
6.002        68.764       0.01454      0.0          0.0          
6.011        67.016       0.01492      0.0          0.0          
6.02         67.691       0.01477      0.0          0.0          
6.029        68.489       0.0146       0.0          0.0          
6.038        69.193       0.01445      0.0          0.0          
6.047        67.32        0.01485      0.0          0.0          
6.057        67.379       0.01484      0.0          0.0          
6.066        70.282       0.01423      0.0          0.0          
6.075        67.63        0.01479      0.0          0.0          
6.084        68.58        0.01458      0.0          0.0          
6.093        66.597       0.01502      0.0          0.0          
6.102        67.229       0.01487      0.0          0.0          
6.112        66.442       0.01505      0.0          0.0          
6.121        68.45        0.01461      0.0          0.0          
6.13         69.946       0.0143       0.0          0.0          
6.139        68.544       0.01459      0.0          0.0          
6.148        71.503       0.01399      0.0          0.0          
6.157        71.144       0.01406      0.0          0.0          
6.166        74.955       0.01334      0.0          0.0          
6.176        74.903       0.01335      0.0          0.0          
6.185        73.337       0.01364      0.0          0.0          
6.194        72.879       0.01372      0.0          0.0          
6.203        72.211       0.01385      0.0          0.0          
6.212        70.6         0.01416      0.0          0.0          
6.221        70.108       0.01426      0.0          0.0          
6.231        70.953       0.01409      0.0          0.0          
6.24         70.199       0.01425      0.0          0.0          
6.249        71.012       0.01408      0.0          0.0          
6.258        70.304       0.01422      0.0          0.0          
6.267        71.421       0.014        0.0          0.0          
6.276        72.207       0.01385      0.0          0.0          
6.285        72.676       0.01376      0.0          0.0          
6.295        73.723       0.01356      0.0          0.0          
6.304        72.823       0.01373      0.0          0.0          
6.313        74.334       0.01345      0.0          0.0          
6.322        75.326       0.01328      0.0          0.0          
6.331        77.546       0.0129       0.0          0.0          
6.34         78.306       0.01277      0.0          0.0          
6.35         82.057       0.01219      0.0          0.0          
6.359        82.611       0.0121       0.0          0.0          
6.368        85.602       0.01168      0.0          0.0          
6.377        90.433       0.01106      0.0          0.0          
6.386        96.763       0.01033      0.0          0.0          
6.395        111.899      0.00894      0.0          0.0          
6.404        134.119      0.00746      0.0          0.0          
6.414        180.624      0.00554      0.0          0.0          
6.423        309.939      0.00323      0.0          0.0          
6.432        566.53       0.00177      0.0          0.0          
6.441        1015.487     0.00098      0.0          0.0          
6.45         1432.081     0.0007       0.0          0.0          
6.459        1525.959     0.00066      0.0          0.0          
6.469        1146.458     0.00087      0.0          0.0          
6.478        721.689      0.00139      0.0          0.0          
6.487        417.4        0.0024       0.0          0.0          
6.496        253.001      0.00395      0.0          0.0          
6.505        172.706      0.00579      0.0          0.0          
6.514        132.437      0.00755      0.0          0.0          
6.524        108.345      0.00923      0.0          0.0          
6.533        100.235      0.00998      0.0          0.0          
6.542        89.95        0.01112      0.0          0.0          
6.551        88.39        0.01131      0.0          0.0          
6.56         86.029       0.01162      0.0          0.0          
6.569        82.5         0.01212      0.0          0.0          
6.578        81.248       0.01231      0.0          0.0          
6.588        80.406       0.01244      0.0          0.0          
6.597        76.845       0.01301      0.0          0.0          
6.606        78.527       0.01273      0.0          0.0          
6.615        78.033       0.01282      0.0          0.0          
6.624        77.263       0.01294      0.0          0.0          
6.633        77.844       0.01285      0.0          0.0          
6.643        77.06        0.01298      0.0          0.0          
6.652        77.587       0.01289      0.0          0.0          
6.661        77.45        0.01291      0.0          0.0          
6.67         76.11        0.01314      0.0          0.0          
6.679        75.287       0.01328      0.0          0.0          
6.688        78.071       0.01281      0.0          0.0          
6.697        75.407       0.01326      0.0          0.0          
6.707        78.518       0.01274      0.0          0.0          
6.716        76.804       0.01302      0.0          0.0          
6.725        75.665       0.01322      0.0          0.0          
6.734        79.464       0.01258      0.0          0.0          
6.743        78.281       0.01277      0.0          0.0          
6.752        77.837       0.01285      0.0          0.0          
6.762        79.73        0.01254      0.0          0.0          
6.771        80.715       0.01239      0.0          0.0          
6.78         80.459       0.01243      0.0          0.0          
6.789        81.802       0.01222      0.0          0.0          
6.798        82.36        0.01214      0.0          0.0          
6.807        82.311       0.01215      0.0          0.0          
6.817        85.155       0.01174      0.0          0.0          
6.826        87.83        0.01139      0.0          0.0          
6.835        86.167       0.01161      0.0          0.0          
6.844        89.908       0.01112      0.0          0.0          
6.853        91.449       0.01094      0.0          0.0          
6.862        94.328       0.0106       0.0          0.0          
6.871        100.051      0.00999      0.0          0.0          
6.881        108.724      0.0092       0.0          0.0          
6.89         121.534      0.00823      0.0          0.0          
6.899        137.215      0.00729      0.0          0.0          
6.908        170.228      0.00587      0.0          0.0          
6.917        231.532      0.00432      0.0          0.0          
6.926        341.403      0.00293      0.0          0.0          
6.936        527.251      0.0019       0.0          0.0          
6.945        780.349      0.00128      0.0          0.0          
6.954        1117.516     0.00089      0.0          0.0          
6.963        1475.796     0.00068      0.0          0.0          
6.972        1787.233     0.00056      0.0          0.0          
6.981        2012.829     0.0005       0.0          0.0          
6.991        2087.119     0.00048      0.0          0.0          
7.0          2018.813     0.0005       0.0          0.0          
7.009        1761.483     0.00057      0.0          0.0          
7.018        1403.656     0.00071      0.0          0.0          
7.027        1005.967     0.00099      0.0          0.0          
7.036        677.712      0.00148      0.0          0.0          
7.045        438.497      0.00228      0.0          0.0          
7.055        286.399      0.00349      0.0          0.0          
7.064        200.934      0.00498      0.0          0.0          
7.073        153.976      0.00649      0.0          0.0          
7.082        127.671      0.00783      0.0          0.0          
7.091        114.222      0.00875      0.0          0.0          
7.1          105.934      0.00944      0.0          0.0          
7.11         102.768      0.00973      0.0          0.0          
7.119        96.36        0.01038      0.0          0.0          
7.128        92.568       0.0108       0.0          0.0          
7.137        91.332       0.01095      0.0          0.0          
7.146        88.63        0.01128      0.0          0.0          
7.155        86.646       0.01154      0.0          0.0          
7.165        84.937       0.01177      0.0          0.0          
7.174        82.509       0.01212      0.0          0.0          
7.183        83.442       0.01198      0.0          0.0          
7.192        80.61        0.01241      0.0          0.0          
7.201        83.859       0.01192      0.0          0.0          
7.21         82.268       0.01216      0.0          0.0          
7.219        80.39        0.01244      0.0          0.0          
7.229        82.338       0.01215      0.0          0.0          
7.238        80.49        0.01242      0.0          0.0          
7.247        79.158       0.01263      0.0          0.0          
7.256        79.654       0.01255      0.0          0.0          
7.265        78.257       0.01278      0.0          0.0          
7.274        76.936       0.013        0.0          0.0          
7.284        80.465       0.01243      0.0          0.0          
7.293        79.136       0.01264      0.0          0.0          
7.302        77.625       0.01288      0.0          0.0          
7.311        80.467       0.01243      0.0          0.0          
7.32         75.801       0.01319      0.0          0.0          
7.329        78.584       0.01273      0.0          0.0          
7.339        78.0         0.01282      0.0          0.0          
7.348        80.009       0.0125       0.0          0.0          
7.357        78.108       0.0128       0.0          0.0          
7.366        76.921       0.013        0.0          0.0          
7.375        77.661       0.01288      0.0          0.0          
7.384        79.617       0.01256      0.0          0.0          
7.394        78.11        0.0128       0.0          0.0          
7.403        79.134       0.01264      0.0          0.0          
7.412        79.43        0.01259      0.0          0.0          
7.421        79.058       0.01265      0.0          0.0          
7.43         81.323       0.0123       0.0          0.0          
7.439        83.445       0.01198      0.0          0.0          
7.448        82.956       0.01205      0.0          0.0          
7.458        83.844       0.01193      0.0          0.0          
7.467        85.822       0.01165      0.0          0.0          
7.476        86.894       0.01151      0.0          0.0          
7.485        90.572       0.01104      0.0          0.0          
7.494        94.425       0.01059      0.0          0.0          
7.503        102.066      0.0098       0.0          0.0          
7.513        119.743      0.00835      0.0          0.0          
7.522        155.692      0.00642      0.0          0.0          
7.531        211.733      0.00472      0.0          0.0          
7.54         327.84       0.00305      0.0          0.0          
7.549        516.517      0.00194      0.0          0.0          
7.558        784.428      0.00127      0.0          0.0          
7.568        953.341      0.00105      0.0          0.0          
7.577        952.346      0.00105      0.0          0.0          
7.586        795.222      0.00126      0.0          0.0          
7.595        536.688      0.00186      0.0          0.0          
7.604        367.04       0.00272      0.0          0.0          
7.613        237.312      0.00421      0.0          0.0          
7.623        167.628      0.00597      0.0          0.0          
7.632        129.651      0.00771      0.0          0.0          
7.641        110.058      0.00909      0.0          0.0          
7.65         94.831       0.01055      0.0          0.0          
7.659        90.082       0.0111       0.0          0.0          
7.668        88.647       0.01128      0.0          0.0          
7.677        83.883       0.01192      0.0          0.0          
7.687        81.841       0.01222      0.0          0.0          
7.696        80.117       0.01248      0.0          0.0          
7.705        80.113       0.01248      0.0          0.0          
7.714        79.802       0.01253      0.0          0.0          
7.723        78.665       0.01271      0.0          0.0          
7.732        77.063       0.01298      0.0          0.0          
7.742        76.553       0.01306      0.0          0.0          
7.751        76.554       0.01306      0.0          0.0          
7.76         75.849       0.01318      0.0          0.0          
7.769        76.906       0.013        0.0          0.0          
7.778        76.877       0.01301      0.0          0.0          
7.787        76.833       0.01302      0.0          0.0          
7.797        77.35        0.01293      0.0          0.0          
7.806        76.865       0.01301      0.0          0.0          
7.815        76.695       0.01304      0.0          0.0          
7.824        77.185       0.01296      0.0          0.0          
7.833        79.167       0.01263      0.0          0.0          
7.842        79.654       0.01255      0.0          0.0          
7.852        83.119       0.01203      0.0          0.0          
7.861        88.155       0.01134      0.0          0.0          
7.87         101.638      0.00984      0.0          0.0          
7.879        133.252      0.0075       0.0          0.0          
7.888        196.153      0.0051       0.0          0.0          
7.897        289.241      0.00346      0.0          0.0          
7.907        357.787      0.00279      0.0          0.0          
7.916        353.692      0.00283      0.0          0.0          
7.925        283.913      0.00352      0.0          0.0          
7.934        203.745      0.00491      0.0          0.0          
7.943        143.167      0.00698      0.0          0.0          
7.952        112.01       0.00893      0.0          0.0          
7.962        97.21        0.01029      0.0          0.0          
7.971        96.264       0.01039      0.0          0.0          
7.98         96.582       0.01035      0.0          0.0          
7.989        103.594      0.00965      0.0          0.0          
7.998        117.138      0.00854      0.0          0.0          
8.007        147.665      0.00677      0.0          0.0          
8.016        201.057      0.00497      0.0          0.0          
8.026        278.358      0.00359      0.0          0.0          
8.035        370.004      0.0027       0.0          0.0          
8.044        466.065      0.00215      0.0          0.0          
8.053        533.674      0.00187      0.0          0.0          
8.062        575.599      0.00174      0.0          0.0          
8.071        567.739      0.00176      0.0          0.0          
8.081        531.111      0.00188      0.0          0.0          
8.09         478.51       0.00209      0.0          0.0          
8.099        406.815      0.00246      0.0          0.0          
8.108        338.185      0.00296      0.0          0.0          
8.117        269.55       0.00371      0.0          0.0          
8.126        206.577      0.00484      0.0          0.0          
8.136        160.291      0.00624      0.0          0.0          
8.145        126.653      0.0079       0.0          0.0          
8.154        106.762      0.00937      0.0          0.0          
8.163        91.79        0.01089      0.0          0.0          
8.172        85.861       0.01165      0.0          0.0          
8.181        82.475       0.01212      0.0          0.0          
8.191        79.369       0.0126       0.0          0.0          
8.2          79.218       0.01262      0.0          0.0          
8.209        79.152       0.01263      0.0          0.0          
8.218        76.114       0.01314      0.0          0.0          
8.227        74.717       0.01338      0.0          0.0          
8.236        73.899       0.01353      0.0          0.0          
8.246        74.186       0.01348      0.0          0.0          
8.255        73.143       0.01367      0.0          0.0          
8.264        74.953       0.01334      0.0          0.0          
8.273        74.28        0.01346      0.0          0.0          
8.282        74.75        0.01338      0.0          0.0          
8.291        73.662       0.01358      0.0          0.0          
8.301        72.974       0.0137       0.0          0.0          
8.31         75.708       0.01321      0.0          0.0          
8.319        73.318       0.01364      0.0          0.0          
8.328        73.351       0.01363      0.0          0.0          
8.337        73.29        0.01364      0.0          0.0          
8.346        73.248       0.01365      0.0          0.0          
8.356        72.609       0.01377      0.0          0.0          
8.365        72.144       0.01386      0.0          0.0          
8.374        73.192       0.01366      0.0          0.0          
8.383        71.94        0.0139       0.0          0.0          
8.392        70.976       0.01409      0.0          0.0          
8.401        70.125       0.01426      0.0          0.0          
8.411        71.781       0.01393      0.0          0.0          
8.42         71.479       0.01399      0.0          0.0          
8.429        70.772       0.01413      0.0          0.0          
8.438        71.092       0.01407      0.0          0.0          
8.447        70.734       0.01414      0.0          0.0          
8.456        68.978       0.0145       0.0          0.0          
8.466        70.174       0.01425      0.0          0.0          
8.475        71.668       0.01395      0.0          0.0          
8.484        69.265       0.01444      0.0          0.0          
8.493        70.203       0.01424      0.0          0.0          
8.502        71.656       0.01396      0.0          0.0          
8.511        70.732       0.01414      0.0          0.0          
8.521        70.618       0.01416      0.0          0.0          
8.53         71.353       0.01401      0.0          0.0          
8.539        71.319       0.01402      0.0          0.0          
8.548        71.963       0.0139       0.0          0.0          
8.557        70.763       0.01413      0.0          0.0          
8.566        71.295       0.01403      0.0          0.0          
8.576        70.036       0.01428      0.0          0.0          
8.585        72.277       0.01384      0.0          0.0          
8.594        70.175       0.01425      0.0          0.0          
8.603        69.946       0.0143       0.0          0.0          
8.612        71.262       0.01403      0.0          0.0          
8.621        69.761       0.01433      0.0          0.0          
8.631        70.298       0.01423      0.0          0.0          
8.64         70.595       0.01417      0.0          0.0          
8.649        71.592       0.01397      0.0          0.0          
8.658        71.832       0.01392      0.0          0.0          
8.667        72.076       0.01387      0.0          0.0          
8.676        69.837       0.01432      0.0          0.0          
8.686        71.681       0.01395      0.0          0.0          
8.695        72.512       0.01379      0.0          0.0          
8.704        71.243       0.01404      0.0          0.0          
8.713        71.057       0.01407      0.0          0.0          
8.722        72.838       0.01373      0.0          0.0          
8.731        70.278       0.01423      0.0          0.0          
8.741        71.044       0.01408      0.0          0.0          
8.75         72.067       0.01388      0.0          0.0          
8.759        72.112       0.01387      0.0          0.0          
8.768        72.614       0.01377      0.0          0.0          
8.777        73.752       0.01356      0.0          0.0          
8.786        72.948       0.01371      0.0          0.0          
8.796        73.453       0.01361      0.0          0.0          
8.805        74.826       0.01336      0.0          0.0          
8.814        73.982       0.01352      0.0          0.0          
8.823        74.698       0.01339      0.0          0.0          
8.832        75.139       0.01331      0.0          0.0          
8.841        75.745       0.0132       0.0          0.0          
8.851        75.348       0.01327      0.0          0.0          
8.86         78.554       0.01273      0.0          0.0          
8.869        78.368       0.01276      0.0          0.0          
8.878        79.442       0.01259      0.0          0.0          
8.887        84.652       0.01181      0.0          0.0          
8.896        87.049       0.01149      0.0          0.0          
8.906        92.447       0.01082      0.0          0.0          
8.915        103.921      0.00962      0.0          0.0          
8.924        117.374      0.00852      0.0          0.0          
8.933        134.489      0.00744      0.0          0.0          
8.942        159.292      0.00628      0.0          0.0          
8.951        188.958      0.00529      0.0          0.0          
8.961        223.466      0.00447      0.0          0.0          
8.97         260.559      0.00384      0.0          0.0          
8.979        299.507      0.00334      0.0          0.0          
8.988        333.152      0.003        0.0          0.0          
8.997        366.515      0.00273      0.0          0.0          
9.006        396.512      0.00252      0.0          0.0          
9.016        427.159      0.00234      0.0          0.0          
9.025        445.961      0.00224      0.0          0.0          
9.034        457.015      0.00219      0.0          0.0          
9.043        455.121      0.0022       0.0          0.0          
9.052        444.166      0.00225      0.0          0.0          
9.061        419.272      0.00239      0.0          0.0          
9.071        384.685      0.0026       0.0          0.0          
9.08         343.661      0.00291      0.0          0.0          
9.089        301.868      0.00331      0.0          0.0          
9.098        266.605      0.00375      0.0          0.0          
9.107        242.771      0.00412      0.0          0.0          
9.116        228.343      0.00438      0.0          0.0          
9.126        225.54       0.00443      0.0          0.0          
9.135        219.377      0.00456      0.0          0.0          
9.144        203.439      0.00492      0.0          0.0          
9.153        173.23       0.00577      0.0          0.0          
9.162        148.22       0.00675      0.0          0.0          
9.171        122.352      0.00817      0.0          0.0          
9.181        107.17       0.00933      0.0          0.0          
9.19         95.722       0.01045      0.0          0.0          
9.199        88.803       0.01126      0.0          0.0          
9.208        83.697       0.01195      0.0          0.0          
9.217        79.758       0.01254      0.0          0.0          
9.226        78.551       0.01273      0.0          0.0          
9.236        76.917       0.013        0.0          0.0          
9.245        75.079       0.01332      0.0          0.0          
9.254        74.397       0.01344      0.0          0.0          
9.263        74.674       0.01339      0.0          0.0          
9.272        73.651       0.01358      0.0          0.0          
9.282        73.4         0.01362      0.0          0.0          
9.291        73.61        0.01359      0.0          0.0          
9.3          72.411       0.01381      0.0          0.0          
9.309        73.723       0.01356      0.0          0.0          
9.318        72.5         0.01379      0.0          0.0          
9.327        71.369       0.01401      0.0          0.0          
9.337        73.191       0.01366      0.0          0.0          
9.346        72.774       0.01374      0.0          0.0          
9.355        72.903       0.01372      0.0          0.0          
9.364        72.511       0.01379      0.0          0.0          
9.373        71.223       0.01404      0.0          0.0          
9.382        72.392       0.01381      0.0          0.0          
9.392        72.59        0.01378      0.0          0.0          
9.401        71.582       0.01397      0.0          0.0          
9.41         70.87        0.01411      0.0          0.0          
9.419        73.096       0.01368      0.0          0.0          
9.428        70.392       0.01421      0.0          0.0          
9.437        71.477       0.01399      0.0          0.0          
9.447        71.243       0.01404      0.0          0.0          
9.456        70.889       0.01411      0.0          0.0          
9.465        70.788       0.01413      0.0          0.0          
9.474        72.196       0.01385      0.0          0.0          
9.483        71.402       0.01401      0.0          0.0          
9.492        70.656       0.01415      0.0          0.0          
9.502        72.665       0.01376      0.0          0.0          
9.511        71.365       0.01401      0.0          0.0          
9.52         72.671       0.01376      0.0          0.0          
9.529        70.221       0.01424      0.0          0.0          
9.538        71.699       0.01395      0.0          0.0          
9.547        71.591       0.01397      0.0          0.0          
9.557        72.312       0.01383      0.0          0.0          
9.566        71.785       0.01393      0.0          0.0          
9.575        71.152       0.01405      0.0          0.0          
9.584        71.732       0.01394      0.0          0.0          
9.593        70.662       0.01415      0.0          0.0          
9.603        73.338       0.01364      0.0          0.0          
9.612        71.916       0.01391      0.0          0.0          
9.621        72.748       0.01375      0.0          0.0          
9.63         72.414       0.01381      0.0          0.0          
9.639        72.98        0.0137       0.0          0.0          
9.648        72.721       0.01375      0.0          0.0          
9.658        72.789       0.01374      0.0          0.0          
9.667        74.681       0.01339      0.0          0.0          
9.676        74.711       0.01338      0.0          0.0          
9.685        73.59        0.01359      0.0          0.0          
9.694        75.178       0.0133       0.0          0.0          
9.703        75.27        0.01329      0.0          0.0          
9.713        76.398       0.01309      0.0          0.0          
9.722        74.137       0.01349      0.0          0.0          
9.731        74.544       0.01341      0.0          0.0          
9.74         73.099       0.01368      0.0          0.0          
9.749        73.447       0.01362      0.0          0.0          
9.758        75.464       0.01325      0.0          0.0          
9.768        76.02        0.01315      0.0          0.0          
9.777        74.922       0.01335      0.0          0.0          
9.786        76.465       0.01308      0.0          0.0          
9.795        78.895       0.01268      0.0          0.0          
9.804        80.104       0.01248      0.0          0.0          
9.814        80.861       0.01237      0.0          0.0          
9.823        86.46        0.01157      0.0          0.0          
9.832        90.054       0.0111       0.0          0.0          
9.841        102.505      0.00976      0.0          0.0          
9.85         121.193      0.00825      0.0          0.0          
9.859        143.072      0.00699      0.0          0.0          
9.869        176.849      0.00565      0.0          0.0          
9.878        213.993      0.00467      0.0          0.0          
9.887        241.761      0.00414      0.0          0.0          
9.896        254.652      0.00393      0.0          0.0          
9.905        245.508      0.00407      0.0          0.0          
9.914        219.913      0.00455      0.0          0.0          
9.924        201.369      0.00497      0.0          0.0          
9.933        207.581      0.00482      0.0          0.0          
9.942        240.486      0.00416      0.0          0.0          
9.951        294.745      0.00339      0.0          0.0          
9.96         322.384      0.0031       0.0          0.0          
9.97         320.786      0.00312      0.0          0.0          
9.979        266.541      0.00375      0.0          0.0          
9.988        204.284      0.0049       0.0          0.0          
9.997        154.245      0.00648      0.0          0.0          
10.006       121.122      0.00826      0.0          0.0          
10.015       103.561      0.00966      0.0          0.0          
10.025       93.756       0.01067      0.0          0.0          
10.034       87.896       0.01138      0.0          0.0          
10.043       82.599       0.01211      0.0          0.0          
10.052       82.405       0.01214      0.0          0.0          
10.061       80.357       0.01244      0.0          0.0          
10.07        79.517       0.01258      0.0          0.0          
10.08        81.246       0.01231      0.0          0.0          
10.089       80.795       0.01238      0.0          0.0          
10.098       79.282       0.01261      0.0          0.0          
10.107       79.223       0.01262      0.0          0.0          
10.116       80.281       0.01246      0.0          0.0          
10.125       82.012       0.01219      0.0          0.0          
10.135       82.617       0.0121       0.0          0.0          
10.144       84.945       0.01177      0.0          0.0          
10.153       88.35        0.01132      0.0          0.0          
10.162       99.552       0.01005      0.0          0.0          
10.171       113.838      0.00878      0.0          0.0          
10.181       137.317      0.00728      0.0          0.0          
10.19        182.694      0.00547      0.0          0.0          
10.199       236.027      0.00424      0.0          0.0          
10.208       292.764      0.00342      0.0          0.0          
10.217       322.829      0.0031       0.0          0.0          
10.226       313.273      0.00319      0.0          0.0          
10.236       274.246      0.00365      0.0          0.0          
10.245       219.569      0.00455      0.0          0.0          
10.254       173.712      0.00576      0.0          0.0          
10.263       135.745      0.00737      0.0          0.0          
10.272       113.799      0.00879      0.0          0.0          
10.282       100.355      0.00996      0.0          0.0          
10.291       91.345       0.01095      0.0          0.0          
10.3         86.848       0.01151      0.0          0.0          
10.309       82.37        0.01214      0.0          0.0          
10.318       81.188       0.01232      0.0          0.0          
10.327       80.322       0.01245      0.0          0.0          
10.337       79.088       0.01264      0.0          0.0          
10.346       79.316       0.01261      0.0          0.0          
10.355       79.45        0.01259      0.0          0.0          
10.364       78.394       0.01276      0.0          0.0          
10.373       78.244       0.01278      0.0          0.0          
10.382       76.941       0.013        0.0          0.0          
10.392       78.591       0.01272      0.0          0.0          
10.401       77.355       0.01293      0.0          0.0          
10.41        79.685       0.01255      0.0          0.0          
10.419       78.999       0.01266      0.0          0.0          
10.428       79.92        0.01251      0.0          0.0          
10.438       77.474       0.01291      0.0          0.0          
10.447       78.666       0.01271      0.0          0.0          
10.456       77.982       0.01282      0.0          0.0          
10.465       79.188       0.01263      0.0          0.0          
10.474       78.284       0.01277      0.0          0.0          
10.483       80.369       0.01244      0.0          0.0          
10.493       80.772       0.01238      0.0          0.0          
10.502       81.842       0.01222      0.0          0.0          
10.511       81.397       0.01229      0.0          0.0          
10.52        82.979       0.01205      0.0          0.0          
10.529       83.74        0.01194      0.0          0.0          
10.539       84.398       0.01185      0.0          0.0          
10.548       87.32        0.01145      0.0          0.0          
10.557       88.816       0.01126      0.0          0.0          
10.566       92.871       0.01077      0.0          0.0          
10.575       97.81        0.01022      0.0          0.0          
10.584       107.848      0.00927      0.0          0.0          
10.594       119.595      0.00836      0.0          0.0          
10.603       138.248      0.00723      0.0          0.0          
10.612       169.521      0.0059       0.0          0.0          
10.621       211.2        0.00473      0.0          0.0          
10.63        261.832      0.00382      0.0          0.0          
10.639       317.957      0.00315      0.0          0.0          
10.649       376.863      0.00265      0.0          0.0          
10.658       427.188      0.00234      0.0          0.0          
10.667       473.128      0.00211      0.0          0.0          
10.676       501.16       0.002        0.0          0.0          
10.685       515.321      0.00194      0.0          0.0          
10.695       511.636      0.00195      0.0          0.0          
10.704       492.915      0.00203      0.0          0.0          
10.713       456.599      0.00219      0.0          0.0          
10.722       406.516      0.00246      0.0          0.0          
10.731       352.004      0.00284      0.0          0.0          
10.74        294.731      0.00339      0.0          0.0          
10.75        239.441      0.00418      0.0          0.0          
10.759       193.093      0.00518      0.0          0.0          
10.768       158.258      0.00632      0.0          0.0          
10.777       132.026      0.00757      0.0          0.0          
10.786       114.396      0.00874      0.0          0.0          
10.796       102.061      0.0098       0.0          0.0          
10.805       96.874       0.01032      0.0          0.0          
10.814       90.202       0.01109      0.0          0.0          
10.823       88.209       0.01134      0.0          0.0          
10.832       86.554       0.01155      0.0          0.0          
10.841       84.249       0.01187      0.0          0.0          
10.851       83.915       0.01192      0.0          0.0          
10.86        84.079       0.01189      0.0          0.0          
10.869       82.218       0.01216      0.0          0.0          
10.878       80.398       0.01244      0.0          0.0          
10.887       79.947       0.01251      0.0          0.0          
10.897       80.724       0.01239      0.0          0.0          
10.906       80.629       0.0124       0.0          0.0          
10.915       79.895       0.01252      0.0          0.0          
10.924       79.113       0.01264      0.0          0.0          
10.933       77.933       0.01283      0.0          0.0          
10.942       79.401       0.01259      0.0          0.0          
10.952       78.16        0.01279      0.0          0.0          
10.961       77.778       0.01286      0.0          0.0          
10.97        77.858       0.01284      0.0          0.0          
10.979       78.563       0.01273      0.0          0.0          
10.988       79.178       0.01263      0.0          0.0          
10.998       77.24        0.01295      0.0          0.0          
11.007       78.145       0.0128       0.0          0.0          
11.016       78.44        0.01275      0.0          0.0          
11.025       78.598       0.01272      0.0          0.0          
11.034       78.697       0.01271      0.0          0.0          
11.043       77.856       0.01284      0.0          0.0          
11.053       75.761       0.0132       0.0          0.0          
11.062       77.405       0.01292      0.0          0.0          
11.071       79.353       0.0126       0.0          0.0          
11.08        77.757       0.01286      0.0          0.0          
11.089       78.522       0.01274      0.0          0.0          
11.099       76.51        0.01307      0.0          0.0          
11.108       77.948       0.01283      0.0          0.0          
