x            y_obs        weight       y_calc       y_bkg        
1.959        62.095       0.0161       0.0          0.0          
1.968        63.211       0.01582      0.0          0.0          
1.977        66.986       0.01493      0.0          0.0          
1.986        60.802       0.01645      0.0          0.0          
1.995        61.878       0.01616      0.0          0.0          
2.005        62.827       0.01592      0.0          0.0          
2.014        64.363       0.01554      0.0          0.0          
2.023        64.222       0.01557      0.0          0.0          
2.032        61.346       0.0163       0.0          0.0          
2.041        58.176       0.01719      0.0          0.0          
2.05         58.322       0.01715      0.0          0.0          
2.059        57.908       0.01727      0.0          0.0          
2.069        57.672       0.01734      0.0          0.0          
2.078        57.786       0.01731      0.0          0.0          
2.087        56.68        0.01764      0.0          0.0          
2.096        59.007       0.01695      0.0          0.0          
2.105        60.588       0.0165       0.0          0.0          
2.114        60.418       0.01655      0.0          0.0          
2.123        58.62        0.01706      0.0          0.0          
2.133        57.27        0.01746      0.0          0.0          
2.142        59.538       0.0168       0.0          0.0          
2.151        57.642       0.01735      0.0          0.0          
2.16         55.231       0.01811      0.0          0.0          
2.169        55.545       0.018        0.0          0.0          
2.178        61.575       0.01624      0.0          0.0          
2.187        56.374       0.01774      0.0          0.0          
2.197        61.363       0.0163       0.0          0.0          
2.206        56.347       0.01775      0.0          0.0          
2.215        55.531       0.01801      0.0          0.0          
2.224        57.474       0.0174       0.0          0.0          
2.233        57.208       0.01748      0.0          0.0          
2.242        59.609       0.01678      0.0          0.0          
2.251        59.496       0.01681      0.0          0.0          
2.261        58.788       0.01701      0.0          0.0          
2.27         59.155       0.0169       0.0          0.0          
2.279        58.303       0.01715      0.0          0.0          
2.288        61.187       0.01634      0.0          0.0          
2.297        59.59        0.01678      0.0          0.0          
2.306        56.787       0.01761      0.0          0.0          
2.315        57.333       0.01744      0.0          0.0          
2.325        56.778       0.01761      0.0          0.0          
2.334        54.587       0.01832      0.0          0.0          
2.343        58.996       0.01695      0.0          0.0          
2.352        57.974       0.01725      0.0          0.0          
2.361        59.778       0.01673      0.0          0.0          
2.37         60.425       0.01655      0.0          0.0          
2.379        57.814       0.0173       0.0          0.0          
2.389        55.966       0.01787      0.0          0.0          
2.398        58.869       0.01699      0.0          0.0          
2.407        60.353       0.01657      0.0          0.0          
2.416        58.849       0.01699      0.0          0.0          
2.425        56.284       0.01777      0.0          0.0          
2.434        59.379       0.01684      0.0          0.0          
2.443        58.625       0.01706      0.0          0.0          
2.453        58.839       0.017        0.0          0.0          
2.462        57.153       0.0175       0.0          0.0          
2.471        61.084       0.01637      0.0          0.0          
2.48         59.105       0.01692      0.0          0.0          
2.489        58.777       0.01701      0.0          0.0          
2.498        55.249       0.0181       0.0          0.0          
2.507        61.973       0.01614      0.0          0.0          
2.517        55.951       0.01787      0.0          0.0          
2.526        61.767       0.01619      0.0          0.0          
2.535        60.986       0.0164       0.0          0.0          
2.544        60.548       0.01652      0.0          0.0          
2.553        57.636       0.01735      0.0          0.0          
2.562        59.766       0.01673      0.0          0.0          
2.571        57.689       0.01733      0.0          0.0          
2.581        62.464       0.01601      0.0          0.0          
2.59         61.08        0.01637      0.0          0.0          
2.599        60.899       0.01642      0.0          0.0          
2.608        60.631       0.01649      0.0          0.0          
2.617        56.976       0.01755      0.0          0.0          
2.626        61.654       0.01622      0.0          0.0          
2.635        58.165       0.01719      0.0          0.0          
2.645        57.696       0.01733      0.0          0.0          
2.654        59.322       0.01686      0.0          0.0          
2.663        58.105       0.01721      0.0          0.0          
2.672        60.364       0.01657      0.0          0.0          
2.681        59.278       0.01687      0.0          0.0          
2.69         61.449       0.01627      0.0          0.0          
2.699        60.595       0.0165       0.0          0.0          
2.709        55.29        0.01809      0.0          0.0          
2.718        60.799       0.01645      0.0          0.0          
2.727        61.608       0.01623      0.0          0.0          
2.736        59.761       0.01673      0.0          0.0          
2.745        58.393       0.01713      0.0          0.0          
2.754        59.029       0.01694      0.0          0.0          
2.763        60.568       0.01651      0.0          0.0          
2.773        60.741       0.01646      0.0          0.0          
2.782        62.107       0.0161       0.0          0.0          
2.791        59.671       0.01676      0.0          0.0          
2.8          61.411       0.01628      0.0          0.0          
2.809        58.82        0.017        0.0          0.0          
2.818        60.489       0.01653      0.0          0.0          
2.827        59.785       0.01673      0.0          0.0          
2.837        60.946       0.01641      0.0          0.0          
2.846        60.55        0.01652      0.0          0.0          
2.855        61.068       0.01638      0.0          0.0          
2.864        58.106       0.01721      0.0          0.0          
2.873        60.285       0.01659      0.0          0.0          
2.882        63.096       0.01585      0.0          0.0          
2.891        60.686       0.01648      0.0          0.0          
2.901        61.326       0.01631      0.0          0.0          
2.91         60.332       0.01657      0.0          0.0          
2.919        59.917       0.01669      0.0          0.0          
2.928        59.214       0.01689      0.0          0.0          
2.937        60.896       0.01642      0.0          0.0          
2.946        62.352       0.01604      0.0          0.0          
2.955        60.195       0.01661      0.0          0.0          
2.965        62.236       0.01607      0.0          0.0          
2.974        58.771       0.01702      0.0          0.0          
2.983        61.356       0.0163       0.0          0.0          
2.992        62.756       0.01593      0.0          0.0          
3.001        61.224       0.01633      0.0          0.0          
3.01         61.68        0.01621      0.0          0.0          
3.019        60.788       0.01645      0.0          0.0          
3.029        60.19        0.01661      0.0          0.0          
3.038        62.63        0.01597      0.0          0.0          
3.047        61.461       0.01627      0.0          0.0          
3.056        61.884       0.01616      0.0          0.0          
3.065        60.111       0.01664      0.0          0.0          
3.074        62.729       0.01594      0.0          0.0          
3.083        62.055       0.01611      0.0          0.0          
3.093        60.28        0.01659      0.0          0.0          
3.102        61.472       0.01627      0.0          0.0          
3.111        62.134       0.01609      0.0          0.0          
3.12         63.132       0.01584      0.0          0.0          
3.129        62.575       0.01598      0.0          0.0          
3.138        63.229       0.01582      0.0          0.0          
3.147        65.152       0.01535      0.0          0.0          
3.157        64.815       0.01543      0.0          0.0          
3.166        63.413       0.01577      0.0          0.0          
3.175        59.079       0.01693      0.0          0.0          
3.184        66.571       0.01502      0.0          0.0          
3.193        69.878       0.01431      0.0          0.0          
3.202        75.065       0.01332      0.0          0.0          
3.211        81.558       0.01226      0.0          0.0          
3.221        84.424       0.01184      0.0          0.0          
3.23         78.387       0.01276      0.0          0.0          
3.239        74.291       0.01346      0.0          0.0          
3.248        67.243       0.01487      0.0          0.0          
3.257        66.327       0.01508      0.0          0.0          
3.266        64.29        0.01555      0.0          0.0          
3.275        66.417       0.01506      0.0          0.0          
3.285        63.556       0.01573      0.0          0.0          
3.294        63.19        0.01583      0.0          0.0          
3.303        66.268       0.01509      0.0          0.0          
3.312        64.611       0.01548      0.0          0.0          
3.321        67.401       0.01484      0.0          0.0          
3.33         63.716       0.01569      0.0          0.0          
3.339        65.196       0.01534      0.0          0.0          
3.349        64.679       0.01546      0.0          0.0          
3.358        65.474       0.01527      0.0          0.0          
3.367        63.037       0.01586      0.0          0.0          
3.376        64.196       0.01558      0.0          0.0          
3.385        67.012       0.01492      0.0          0.0          
3.394        64.26        0.01556      0.0          0.0          
3.403        67.04        0.01492      0.0          0.0          
3.413        68.0         0.01471      0.0          0.0          
3.422        65.518       0.01526      0.0          0.0          
3.431        66.304       0.01508      0.0          0.0          
3.44         67.941       0.01472      0.0          0.0          
3.449        68.582       0.01458      0.0          0.0          
3.458        66.157       0.01512      0.0          0.0          
3.468        66.565       0.01502      0.0          0.0          
3.477        68.27        0.01465      0.0          0.0          
3.486        72.894       0.01372      0.0          0.0          
3.495        70.068       0.01427      0.0          0.0          
3.504        70.494       0.01419      0.0          0.0          
3.513        71.056       0.01407      0.0          0.0          
3.522        70.415       0.0142       0.0          0.0          
3.532        68.585       0.01458      0.0          0.0          
3.541        68.141       0.01468      0.0          0.0          
3.55         70.536       0.01418      0.0          0.0          
3.559        71.832       0.01392      0.0          0.0          
3.568        67.648       0.01478      0.0          0.0          
3.577        68.42        0.01462      0.0          0.0          
3.586        71.069       0.01407      0.0          0.0          
3.596        71.207       0.01404      0.0          0.0          
3.605        70.989       0.01409      0.0          0.0          
3.614        71.526       0.01398      0.0          0.0          
3.623        72.055       0.01388      0.0          0.0          
3.632        72.344       0.01382      0.0          0.0          
3.641        73.147       0.01367      0.0          0.0          
3.65         72.94        0.01371      0.0          0.0          
3.66         74.536       0.01342      0.0          0.0          
3.669        74.211       0.01348      0.0          0.0          
3.678        79.657       0.01255      0.0          0.0          
3.687        76.76        0.01303      0.0          0.0          
3.696        84.514       0.01183      0.0          0.0          
3.705        92.361       0.01083      0.0          0.0          
3.714        102.192      0.00979      0.0          0.0          
3.724        103.809      0.00963      0.0          0.0          
3.733        96.242       0.01039      0.0          0.0          
3.742        91.395       0.01094      0.0          0.0          
3.751        87.085       0.01148      0.0          0.0          
3.76         88.48        0.0113       0.0          0.0          
3.769        89.507       0.01117      0.0          0.0          
3.778        90.172       0.01109      0.0          0.0          
3.788        92.109       0.01086      0.0          0.0          
3.797        91.918       0.01088      0.0          0.0          
3.806        96.384       0.01038      0.0          0.0          
3.815        97.975       0.01021      0.0          0.0          
3.824        101.172      0.00988      0.0          0.0          
3.833        107.344      0.00932      0.0          0.0          
3.842        108.154      0.00925      0.0          0.0          
3.852        117.593      0.0085       0.0          0.0          
3.861        125.724      0.00795      0.0          0.0          
3.87         135.526      0.00738      0.0          0.0          
3.879        147.911      0.00676      0.0          0.0          
3.888        171.011      0.00585      0.0          0.0          
3.897        203.051      0.00492      0.0          0.0          
3.906        259.1        0.00386      0.0          0.0          
3.916        413.718      0.00242      0.0          0.0          
3.925        831.285      0.0012       0.0          0.0          
3.934        2020.365     0.00049      0.0          0.0          
3.943        3795.621     0.00026      0.0          0.0          
3.952        4676.609     0.00021      0.0          0.0          
3.961        3527.711     0.00028      0.0          0.0          
3.971        1840.603     0.00054      0.0          0.0          
3.98         1154.199     0.00087      0.0          0.0          
3.989        1352.55      0.00074      0.0          0.0          
3.998        2489.472     0.0004       0.0          0.0          
4.007        4638.191     0.00022      0.0          0.0          
4.016        7517.58      0.00013      0.0          0.0          
4.025        9275.776     0.00011      0.0          0.0          
4.035        9121.528     0.00011      0.0          0.0          
4.044        7209.604     0.00014      0.0          0.0          
4.053        4703.111     0.00021      0.0          0.0          
4.062        2606.419     0.00038      0.0          0.0          
4.071        1274.577     0.00078      0.0          0.0          
4.08         659.243      0.00152      0.0          0.0          
4.089        393.415      0.00254      0.0          0.0          
4.099        275.684      0.00363      0.0          0.0          
4.108        215.203      0.00465      0.0          0.0          
4.117        184.412      0.00542      0.0          0.0          
4.126        161.537      0.00619      0.0          0.0          
4.135        147.441      0.00678      0.0          0.0          
4.144        135.15       0.0074       0.0          0.0          
4.153        127.085      0.00787      0.0          0.0          
4.163        115.755      0.00864      0.0          0.0          
4.172        110.105      0.00908      0.0          0.0          
4.181        108.686      0.0092       0.0          0.0          
4.19         101.464      0.00986      0.0          0.0          
4.199        98.491       0.01015      0.0          0.0          
4.208        96.746       0.01034      0.0          0.0          
4.217        96.227       0.01039      0.0          0.0          
4.227        91.211       0.01096      0.0          0.0          
4.236        88.674       0.01128      0.0          0.0          
4.245        87.849       0.01138      0.0          0.0          
4.254        87.263       0.01146      0.0          0.0          
4.263        86.373       0.01158      0.0          0.0          
4.272        85.82        0.01165      0.0          0.0          
4.281        83.897       0.01192      0.0          0.0          
4.291        84.836       0.01179      0.0          0.0          
4.3          81.341       0.01229      0.0          0.0          
4.309        82.705       0.01209      0.0          0.0          
4.318        82.207       0.01216      0.0          0.0          
4.327        80.849       0.01237      0.0          0.0          
4.336        78.757       0.0127       0.0          0.0          
4.346        80.316       0.01245      0.0          0.0          
4.355        80.403       0.01244      0.0          0.0          
4.364        78.775       0.01269      0.0          0.0          
4.373        80.026       0.0125       0.0          0.0          
4.382        79.544       0.01257      0.0          0.0          
4.391        80.097       0.01248      0.0          0.0          
4.4          81.696       0.01224      0.0          0.0          
4.41         77.473       0.01291      0.0          0.0          
4.419        80.589       0.01241      0.0          0.0          
4.428        81.78        0.01223      0.0          0.0          
4.437        83.753       0.01194      0.0          0.0          
4.446        85.287       0.01173      0.0          0.0          
4.455        85.105       0.01175      0.0          0.0          
4.464        84.493       0.01184      0.0          0.0          
4.474        91.026       0.01099      0.0          0.0          
4.483        96.726       0.01034      0.0          0.0          
4.492        103.865      0.00963      0.0          0.0          
4.501        118.697      0.00842      0.0          0.0          
4.51         148.944      0.00671      0.0          0.0          
4.519        203.305      0.00492      0.0          0.0          
4.528        316.475      0.00316      0.0          0.0          
4.538        578.072      0.00173      0.0          0.0          
4.547        1054.801     0.00095      0.0          0.0          
4.556        1599.415     0.00063      0.0          0.0          
4.565        1765.19      0.00057      0.0          0.0          
4.574        1314.535     0.00076      0.0          0.0          
4.583        728.618      0.00137      0.0          0.0          
4.593        390.148      0.00256      0.0          0.0          
4.602        227.185      0.0044       0.0          0.0          
4.611        151.819      0.00659      0.0          0.0          
4.62         120.783      0.00828      0.0          0.0          
4.629        104.597      0.00956      0.0          0.0          
4.638        92.0         0.01087      0.0          0.0          
4.647        89.119       0.01122      0.0          0.0          
4.657        83.16        0.01203      0.0          0.0          
4.666        78.338       0.01277      0.0          0.0          
4.675        76.445       0.01308      0.0          0.0          
4.684        77.193       0.01295      0.0          0.0          
4.693        75.887       0.01318      0.0          0.0          
4.702        72.658       0.01376      0.0          0.0          
4.711        72.233       0.01384      0.0          0.0          
4.721        70.803       0.01412      0.0          0.0          
4.73         73.405       0.01362      0.0          0.0          
4.739        72.278       0.01384      0.0          0.0          
4.748        70.472       0.01419      0.0          0.0          
4.757        69.235       0.01444      0.0          0.0          
4.766        69.777       0.01433      0.0          0.0          
4.775        68.077       0.01469      0.0          0.0          
4.785        68.482       0.0146       0.0          0.0          
4.794        71.141       0.01406      0.0          0.0          
4.803        68.996       0.01449      0.0          0.0          
4.812        68.919       0.01451      0.0          0.0          
4.821        70.074       0.01427      0.0          0.0          
4.83         69.461       0.0144       0.0          0.0          
4.84         67.54        0.01481      0.0          0.0          
4.849        67.756       0.01476      0.0          0.0          
4.858        65.771       0.0152       0.0          0.0          
4.867        66.122       0.01512      0.0          0.0          
4.876        67.387       0.01484      0.0          0.0          
4.885        67.447       0.01483      0.0          0.0          
4.894        68.94        0.01451      0.0          0.0          
4.904        69.03        0.01449      0.0          0.0          
4.913        65.999       0.01515      0.0          0.0          
4.922        65.627       0.01524      0.0          0.0          
4.931        68.217       0.01466      0.0          0.0          
4.94         66.923       0.01494      0.0          0.0          
4.949        66.039       0.01514      0.0          0.0          
4.958        67.056       0.01491      0.0          0.0          
4.968        66.806       0.01497      0.0          0.0          
4.977        65.614       0.01524      0.0          0.0          
4.986        67.246       0.01487      0.0          0.0          
4.995        67.147       0.01489      0.0          0.0          
5.004        65.579       0.01525      0.0          0.0          
5.013        63.876       0.01566      0.0          0.0          
5.023        66.427       0.01505      0.0          0.0          
5.032        66.171       0.01511      0.0          0.0          
5.041        65.307       0.01531      0.0          0.0          
5.05         65.995       0.01515      0.0          0.0          
5.059        66.437       0.01505      0.0          0.0          
5.068        65.216       0.01533      0.0          0.0          
5.077        66.701       0.01499      0.0          0.0          
5.087        65.231       0.01533      0.0          0.0          
5.096        69.224       0.01445      0.0          0.0          
5.105        68.056       0.01469      0.0          0.0          
5.114        67.123       0.0149       0.0          0.0          
5.123        67.391       0.01484      0.0          0.0          
5.132        67.963       0.01471      0.0          0.0          
5.141        66.11        0.01513      0.0          0.0          
5.151        65.138       0.01535      0.0          0.0          
5.16         65.857       0.01518      0.0          0.0          
5.169        65.667       0.01523      0.0          0.0          
5.178        66.791       0.01497      0.0          0.0          
5.187        63.7         0.0157       0.0          0.0          
5.196        64.714       0.01545      0.0          0.0          
5.206        68.369       0.01463      0.0          0.0          
5.215        67.764       0.01476      0.0          0.0          
5.224        67.209       0.01488      0.0          0.0          
5.233        67.943       0.01472      0.0          0.0          
5.242        70.223       0.01424      0.0          0.0          
5.251        72.38        0.01382      0.0          0.0          
5.26         73.402       0.01362      0.0          0.0          
5.27         72.453       0.0138       0.0          0.0          
5.279        71.783       0.01393      0.0          0.0          
5.288        69.474       0.01439      0.0          0.0          
5.297        69.118       0.01447      0.0          0.0          
5.306        68.447       0.01461      0.0          0.0          
5.315        67.488       0.01482      0.0          0.0          
5.324        67.208       0.01488      0.0          0.0          
5.334        67.972       0.01471      0.0          0.0          
5.343        67.237       0.01487      0.0          0.0          
5.352        65.397       0.01529      0.0          0.0          
5.361        65.812       0.01519      0.0          0.0          
5.37         68.699       0.01456      0.0          0.0          
5.379        65.963       0.01516      0.0          0.0          
5.389        66.185       0.01511      0.0          0.0          
5.398        66.815       0.01497      0.0          0.0          
5.407        64.465       0.01551      0.0          0.0          
5.416        67.527       0.01481      0.0          0.0          
5.425        66.673       0.015        0.0          0.0          
5.434        66.939       0.01494      0.0          0.0          
5.443        68.329       0.01464      0.0          0.0          
5.453        68.91        0.01451      0.0          0.0          
5.462        68.935       0.01451      0.0          0.0          
5.471        66.679       0.015        0.0          0.0          
5.48         69.635       0.01436      0.0          0.0          
5.489        67.513       0.01481      0.0          0.0          
5.498        67.928       0.01472      0.0          0.0          
5.507        71.404       0.014        0.0          0.0          
5.517        68.938       0.01451      0.0          0.0          
5.526        70.711       0.01414      0.0          0.0          
5.535        69.637       0.01436      0.0          0.0          
5.544        72.22        0.01385      0.0          0.0          
5.553        72.861       0.01372      0.0          0.0          
5.562        74.351       0.01345      0.0          0.0          
5.572        74.895       0.01335      0.0          0.0          
5.581        77.483       0.01291      0.0          0.0          
5.59         81.251       0.01231      0.0          0.0          
5.599        86.475       0.01156      0.0          0.0          
5.608        95.597       0.01046      0.0          0.0          
5.617        110.512      0.00905      0.0          0.0          
5.626        137.641      0.00727      0.0          0.0          
5.636        175.217      0.00571      0.0          0.0          
5.645        228.389      0.00438      0.0          0.0          
5.654        298.908      0.00335      0.0          0.0          
5.663        380.301      0.00263      0.0          0.0          
5.672        468.862      0.00213      0.0          0.0          
5.681        573.852      0.00174      0.0          0.0          
5.691        683.841      0.00146      0.0          0.0          
5.7          799.437      0.00125      0.0          0.0          
5.709        864.908      0.00116      0.0          0.0          
5.718        903.142      0.00111      0.0          0.0          
5.727        844.542      0.00118      0.0          0.0          
5.736        783.926      0.00128      0.0          0.0          
5.745        639.115      0.00156      0.0          0.0          
5.755        508.564      0.00197      0.0          0.0          
5.764        382.384      0.00262      0.0          0.0          
5.773        273.845      0.00365      0.0          0.0          
5.782        199.73       0.00501      0.0          0.0          
5.791        148.64       0.00673      0.0          0.0          
5.8          116.209      0.00861      0.0          0.0          
5.81         98.477       0.01015      0.0          0.0          
5.819        91.285       0.01095      0.0          0.0          
5.828        82.782       0.01208      0.0          0.0          
5.837        79.628       0.01256      0.0          0.0          
5.846        77.529       0.0129       0.0          0.0          
5.855        75.004       0.01333      0.0          0.0          
5.864        73.648       0.01358      0.0          0.0          
5.874        73.341       0.01363      0.0          0.0          
5.883        73.152       0.01367      0.0          0.0          
5.892        71.215       0.01404      0.0          0.0          
5.901        69.815       0.01432      0.0          0.0          
5.91         68.107       0.01468      0.0          0.0          
5.919        72.107       0.01387      0.0          0.0          
5.928        68.584       0.01458      0.0          0.0          
5.938        69.458       0.0144       0.0          0.0          
5.947        68.829       0.01453      0.0          0.0          
5.956        67.848       0.01474      0.0          0.0          
5.965        68.604       0.01458      0.0          0.0          
5.974        68.701       0.01456      0.0          0.0          
5.983        70.569       0.01417      0.0          0.0          
5.993        66.808       0.01497      0.0          0.0          
6.002        69.267       0.01444      0.0          0.0          
6.011        68.333       0.01463      0.0          0.0          
6.02         68.248       0.01465      0.0          0.0          
6.029        70.01        0.01428      0.0          0.0          
6.038        69.246       0.01444      0.0          0.0          
6.047        68.831       0.01453      0.0          0.0          
6.057        71.612       0.01396      0.0          0.0          
6.066        67.574       0.0148       0.0          0.0          
6.075        67.137       0.01489      0.0          0.0          
6.084        69.492       0.01439      0.0          0.0          
6.093        70.318       0.01422      0.0          0.0          
6.102        68.952       0.0145       0.0          0.0          
6.112        68.538       0.01459      0.0          0.0          
6.121        69.628       0.01436      0.0          0.0          
6.13         70.423       0.0142       0.0          0.0          
6.139        69.654       0.01436      0.0          0.0          
6.148        73.379       0.01363      0.0          0.0          
6.157        75.505       0.01324      0.0          0.0          
6.166        76.88        0.01301      0.0          0.0          
6.176        75.913       0.01317      0.0          0.0          
6.185        75.702       0.01321      0.0          0.0          
6.194        74.416       0.01344      0.0          0.0          
6.203        71.706       0.01395      0.0          0.0          
6.212        70.431       0.0142       0.0          0.0          
6.221        70.362       0.01421      0.0          0.0          
6.231        71.828       0.01392      0.0          0.0          
6.24         70.568       0.01417      0.0          0.0          
6.249        69.527       0.01438      0.0          0.0          
6.258        71.35        0.01402      0.0          0.0          
6.267        71.925       0.0139       0.0          0.0          
6.276        72.949       0.01371      0.0          0.0          
6.285        73.674       0.01357      0.0          0.0          
6.295        73.001       0.0137       0.0          0.0          
6.304        73.927       0.01353      0.0          0.0          
6.313        75.796       0.01319      0.0          0.0          
6.322        74.272       0.01346      0.0          0.0          
6.331        77.399       0.01292      0.0          0.0          
6.34         76.083       0.01314      0.0          0.0          
6.35         80.212       0.01247      0.0          0.0          
6.359        81.561       0.01226      0.0          0.0          
6.368        87.629       0.01141      0.0          0.0          
6.377        91.006       0.01099      0.0          0.0          
6.386        98.182       0.01019      0.0          0.0          
6.395        108.076      0.00925      0.0          0.0          
6.404        132.022      0.00757      0.0          0.0          
6.414        180.03       0.00555      0.0          0.0          
6.423        291.777      0.00343      0.0          0.0          
6.432        549.837      0.00182      0.0          0.0          
6.441        978.867      0.00102      0.0          0.0          
6.45         1360.732     0.00073      0.0          0.0          
6.459        1437.667     0.0007       0.0          0.0          
6.469        1241.009     0.00081      0.0          0.0          
6.478        802.794      0.00125      0.0          0.0          
6.487        462.871      0.00216      0.0          0.0          
6.496        276.182      0.00362      0.0          0.0          
6.505        180.337      0.00555      0.0          0.0          
6.514        137.639      0.00727      0.0          0.0          
6.524        115.786      0.00864      0.0          0.0          
6.533        102.707      0.00974      0.0          0.0          
6.542        94.322       0.0106       0.0          0.0          
6.551        88.135       0.01135      0.0          0.0          
6.56         86.252       0.01159      0.0          0.0          
6.569        82.606       0.01211      0.0          0.0          
6.578        82.018       0.01219      0.0          0.0          
6.588        81.522       0.01227      0.0          0.0          
6.597        79.102       0.01264      0.0          0.0          
6.606        80.55        0.01241      0.0          0.0          
6.615        79.69        0.01255      0.0          0.0          
6.624        77.116       0.01297      0.0          0.0          
6.633        76.697       0.01304      0.0          0.0          
6.643        78.148       0.0128       0.0          0.0          
6.652        77.72        0.01287      0.0          0.0          
6.661        76.686       0.01304      0.0          0.0          
6.67         76.806       0.01302      0.0          0.0          
6.679        76.432       0.01308      0.0          0.0          
6.688        76.269       0.01311      0.0          0.0          
6.697        79.474       0.01258      0.0          0.0          
6.707        76.488       0.01307      0.0          0.0          
6.716        79.885       0.01252      0.0          0.0          
6.725        78.599       0.01272      0.0          0.0          
6.734        77.199       0.01295      0.0          0.0          
6.743        78.583       0.01273      0.0          0.0          
6.752        79.871       0.01252      0.0          0.0          
6.762        80.141       0.01248      0.0          0.0          
6.771        79.77        0.01254      0.0          0.0          
6.78         78.906       0.01267      0.0          0.0          
6.789        80.437       0.01243      0.0          0.0          
6.798        83.125       0.01203      0.0          0.0          
6.807        83.136       0.01203      0.0          0.0          
6.817        84.717       0.0118       0.0          0.0          
6.826        87.028       0.01149      0.0          0.0          
6.835        86.635       0.01154      0.0          0.0          
6.844        89.815       0.01113      0.0          0.0          
6.853        90.64        0.01103      0.0          0.0          
6.862        94.518       0.01058      0.0          0.0          
6.871        100.706      0.00993      0.0          0.0          
6.881        108.0        0.00926      0.0          0.0          
6.89         118.871      0.00841      0.0          0.0          
6.899        135.375      0.00739      0.0          0.0          
6.908        169.794      0.00589      0.0          0.0          
6.917        229.782      0.00435      0.0          0.0          
6.926        335.355      0.00298      0.0          0.0          
6.936        512.702      0.00195      0.0          0.0          
6.945        772.832      0.00129      0.0          0.0          
6.954        1098.585     0.00091      0.0          0.0          
6.963        1453.623     0.00069      0.0          0.0          
6.972        1765.839     0.00057      0.0          0.0          
6.981        1998.414     0.0005       0.0          0.0          
6.991        2081.106     0.00048      0.0          0.0          
7.0          2006.41      0.0005       0.0          0.0          
7.009        1776.715     0.00056      0.0          0.0          
7.018        1398.261     0.00072      0.0          0.0          
7.027        1018.594     0.00098      0.0          0.0          
7.036        680.498      0.00147      0.0          0.0          
7.045        436.964      0.00229      0.0          0.0          
7.055        286.854      0.00349      0.0          0.0          
7.064        201.419      0.00496      0.0          0.0          
7.073        156.525      0.00639      0.0          0.0          
7.082        129.315      0.00773      0.0          0.0          
7.091        115.435      0.00866      0.0          0.0          
7.1          108.383      0.00923      0.0          0.0          
7.11         100.85       0.00992      0.0          0.0          
7.119        97.638       0.01024      0.0          0.0          
7.128        94.829       0.01055      0.0          0.0          
7.137        92.301       0.01083      0.0          0.0          
7.146        90.459       0.01105      0.0          0.0          
7.155        88.887       0.01125      0.0          0.0          
7.165        87.494       0.01143      0.0          0.0          
7.174        87.083       0.01148      0.0          0.0          
7.183        85.613       0.01168      0.0          0.0          
7.192        83.158       0.01203      0.0          0.0          
7.201        83.092       0.01203      0.0          0.0          
7.21         83.242       0.01201      0.0          0.0          
7.219        83.107       0.01203      0.0          0.0          
7.229        82.691       0.01209      0.0          0.0          
7.238        81.129       0.01233      0.0          0.0          
7.247        79.247       0.01262      0.0          0.0          
7.256        80.817       0.01237      0.0          0.0          
7.265        80.445       0.01243      0.0          0.0          
7.274        79.323       0.01261      0.0          0.0          
7.284        79.636       0.01256      0.0          0.0          
7.293        82.286       0.01215      0.0          0.0          
7.302        78.812       0.01269      0.0          0.0          
7.311        80.744       0.01238      0.0          0.0          
7.32         78.124       0.0128       0.0          0.0          
7.329        78.814       0.01269      0.0          0.0          
7.339        78.776       0.01269      0.0          0.0          
7.348        78.328       0.01277      0.0          0.0          
7.357        77.832       0.01285      0.0          0.0          
7.366        77.621       0.01288      0.0          0.0          
7.375        78.206       0.01279      0.0          0.0          
7.384        78.785       0.01269      0.0          0.0          
7.394        80.104       0.01248      0.0          0.0          
7.403        79.851       0.01252      0.0          0.0          
7.412        80.423       0.01243      0.0          0.0          
7.421        80.19        0.01247      0.0          0.0          
7.43         80.933       0.01236      0.0          0.0          
7.439        83.693       0.01195      0.0          0.0          
7.448        84.426       0.01184      0.0          0.0          
7.458        84.011       0.0119       0.0          0.0          
7.467        87.282       0.01146      0.0          0.0          
7.476        89.414       0.01118      0.0          0.0          
7.485        91.537       0.01092      0.0          0.0          
7.494        96.693       0.01034      0.0          0.0          
7.503        104.916      0.00953      0.0          0.0          
7.513        120.882      0.00827      0.0          0.0          
7.522        147.354      0.00679      0.0          0.0          
7.531        200.466      0.00499      0.0          0.0          
7.54         296.679      0.00337      0.0          0.0          
7.549        457.138      0.00219      0.0          0.0          
7.558        709.357      0.00141      0.0          0.0          
7.568        957.162      0.00104      0.0          0.0          
7.577        1085.887     0.00092      0.0          0.0          
7.586        954.654      0.00105      0.0          0.0          
7.595        698.463      0.00143      0.0          0.0          
7.604        439.228      0.00228      0.0          0.0          
7.613        283.311      0.00353      0.0          0.0          
7.623        191.923      0.00521      0.0          0.0          
7.632        141.206      0.00708      0.0          0.0          
7.641        118.891      0.00841      0.0          0.0          
7.65         102.436      0.00976      0.0          0.0          
7.659        95.796       0.01044      0.0          0.0          
7.668        91.016       0.01099      0.0          0.0          
7.677        86.488       0.01156      0.0          0.0          
7.687        85.017       0.01176      0.0          0.0          
7.696        83.475       0.01198      0.0          0.0          
7.705        83.5         0.01198      0.0          0.0          
7.714        81.882       0.01221      0.0          0.0          
7.723        81.227       0.01231      0.0          0.0          
7.732        79.382       0.0126       0.0          0.0          
7.742        79.074       0.01265      0.0          0.0          
7.751        79.204       0.01263      0.0          0.0          
7.76         78.409       0.01275      0.0          0.0          
7.769        79.659       0.01255      0.0          0.0          
7.778        78.041       0.01281      0.0          0.0          
7.787        80.273       0.01246      0.0          0.0          
7.797        79.248       0.01262      0.0          0.0          
7.806        79.969       0.0125       0.0          0.0          
7.815        81.406       0.01228      0.0          0.0          
7.824        81.668       0.01224      0.0          0.0          
7.833        84.933       0.01177      0.0          0.0          
7.842        85.482       0.0117       0.0          0.0          
7.852        90.372       0.01107      0.0          0.0          
7.861        102.39       0.00977      0.0          0.0          
7.87         125.158      0.00799      0.0          0.0          
7.879        181.6        0.00551      0.0          0.0          
7.888        294.511      0.0034       0.0          0.0          
7.897        435.063      0.0023       0.0          0.0          
7.907        512.705      0.00195      0.0          0.0          
7.916        426.991      0.00234      0.0          0.0          
7.925        333.297      0.003        0.0          0.0          
7.934        226.454      0.00442      0.0          0.0          
7.943        154.331      0.00648      0.0          0.0          
7.952        120.427      0.0083       0.0          0.0          
7.962        105.84       0.00945      0.0          0.0          
7.971        103.529      0.00966      0.0          0.0          
7.98         102.6        0.00975      0.0          0.0          
7.989        111.058      0.009        0.0          0.0          
7.998        129.949      0.0077       0.0          0.0          
8.007        161.379      0.0062       0.0          0.0          
8.016        221.747      0.00451      0.0          0.0          
8.026        303.99       0.00329      0.0          0.0          
8.035        403.43       0.00248      0.0          0.0          
8.044        503.79       0.00198      0.0          0.0          
8.053        572.642      0.00175      0.0          0.0          
8.062        606.276      0.00165      0.0          0.0          
8.071        576.927      0.00173      0.0          0.0          
8.081        533.833      0.00187      0.0          0.0          
8.09         459.564      0.00218      0.0          0.0          
8.099        380.603      0.00263      0.0          0.0          
8.108        305.482      0.00327      0.0          0.0          
8.117        237.444      0.00421      0.0          0.0          
8.126        186.554      0.00536      0.0          0.0          
8.136        147.815      0.00677      0.0          0.0          
8.145        118.973      0.00841      0.0          0.0          
8.154        100.661      0.00993      0.0          0.0          
8.163        92.844       0.01077      0.0          0.0          
8.172        90.808       0.01101      0.0          0.0          
8.181        82.135       0.01218      0.0          0.0          
8.191        79.586       0.01257      0.0          0.0          
8.2          79.06        0.01265      0.0          0.0          
8.209        79.603       0.01256      0.0          0.0          
8.218        77.508       0.0129       0.0          0.0          
8.227        75.119       0.01331      0.0          0.0          
8.236        75.86        0.01318      0.0          0.0          
8.246        75.675       0.01321      0.0          0.0          
8.255        76.256       0.01311      0.0          0.0          
8.264        74.323       0.01345      0.0          0.0          
8.273        74.489       0.01342      0.0          0.0          
8.282        74.765       0.01338      0.0          0.0          
8.291        76.076       0.01314      0.0          0.0          
8.301        74.819       0.01337      0.0          0.0          
8.31         74.121       0.01349      0.0          0.0          
8.319        74.626       0.0134       0.0          0.0          
8.328        74.854       0.01336      0.0          0.0          
8.337        75.045       0.01333      0.0          0.0          
8.346        73.161       0.01367      0.0          0.0          
8.356        74.615       0.0134       0.0          0.0          
8.365        73.41        0.01362      0.0          0.0          
8.374        73.982       0.01352      0.0          0.0          
8.383        73.649       0.01358      0.0          0.0          
8.392        72.965       0.01371      0.0          0.0          
8.401        71.907       0.01391      0.0          0.0          
8.411        72.847       0.01373      0.0          0.0          
8.42         73.361       0.01363      0.0          0.0          
8.429        71.803       0.01393      0.0          0.0          
8.438        73.509       0.0136       0.0          0.0          
8.447        72.462       0.0138       0.0          0.0          
8.456        73.267       0.01365      0.0          0.0          
8.466        72.287       0.01383      0.0          0.0          
8.475        74.002       0.01351      0.0          0.0          
8.484        71.399       0.01401      0.0          0.0          
8.493        71.545       0.01398      0.0          0.0          
8.502        73.99        0.01352      0.0          0.0          
8.511        72.482       0.0138       0.0          0.0          
8.521        73.274       0.01365      0.0          0.0          
8.53         71.076       0.01407      0.0          0.0          
8.539        73.047       0.01369      0.0          0.0          
8.548        72.458       0.0138       0.0          0.0          
8.557        73.718       0.01357      0.0          0.0          
8.566        72.01        0.01389      0.0          0.0          
8.576        70.031       0.01428      0.0          0.0          
8.585        71.057       0.01407      0.0          0.0          
8.594        71.333       0.01402      0.0          0.0          
8.603        71.385       0.01401      0.0          0.0          
8.612        70.754       0.01413      0.0          0.0          
8.621        73.195       0.01366      0.0          0.0          
8.631        72.128       0.01386      0.0          0.0          
8.64         71.977       0.01389      0.0          0.0          
8.649        69.832       0.01432      0.0          0.0          
8.658        71.453       0.014        0.0          0.0          
8.667        72.94        0.01371      0.0          0.0          
8.676        71.062       0.01407      0.0          0.0          
8.686        71.886       0.01391      0.0          0.0          
8.695        73.57        0.01359      0.0          0.0          
8.704        72.698       0.01376      0.0          0.0          
8.713        71.417       0.014        0.0          0.0          
8.722        73.03        0.01369      0.0          0.0          
8.731        71.935       0.0139       0.0          0.0          
8.741        73.063       0.01369      0.0          0.0          
8.75         72.311       0.01383      0.0          0.0          
8.759        73.311       0.01364      0.0          0.0          
8.768        73.958       0.01352      0.0          0.0          
8.777        73.898       0.01353      0.0          0.0          
8.786        73.608       0.01359      0.0          0.0          
8.796        74.681       0.01339      0.0          0.0          
8.805        73.743       0.01356      0.0          0.0          
8.814        74.692       0.01339      0.0          0.0          
8.823        77.564       0.01289      0.0          0.0          
8.832        78.122       0.0128       0.0          0.0          
8.841        76.022       0.01315      0.0          0.0          
8.851        77.588       0.01289      0.0          0.0          
8.86         78.699       0.01271      0.0          0.0          
8.869        81.161       0.01232      0.0          0.0          
8.878        81.74        0.01223      0.0          0.0          
8.887        86.101       0.01161      0.0          0.0          
8.896        89.827       0.01113      0.0          0.0          
8.906        98.143       0.01019      0.0          0.0          
8.915        109.968      0.00909      0.0          0.0          
8.924        123.333      0.00811      0.0          0.0          
8.933        144.598      0.00692      0.0          0.0          
8.942        167.423      0.00597      0.0          0.0          
8.951        201.348      0.00497      0.0          0.0          
8.961        235.401      0.00425      0.0          0.0          
8.97         268.652      0.00372      0.0          0.0          
8.979        304.641      0.00328      0.0          0.0          
8.988        342.422      0.00292      0.0          0.0          
8.997        372.228      0.00269      0.0          0.0          
9.006        404.4        0.00247      0.0          0.0          
9.016        426.631      0.00234      0.0          0.0          
9.025        451.509      0.00221      0.0          0.0          
9.034        464.333      0.00215      0.0          0.0          
9.043        464.849      0.00215      0.0          0.0          
9.052        456.899      0.00219      0.0          0.0          
9.061        434.799      0.0023       0.0          0.0          
9.071        399.611      0.0025       0.0          0.0          
9.08         359.124      0.00278      0.0          0.0          
9.089        315.263      0.00317      0.0          0.0          
9.098        279.664      0.00358      0.0          0.0          
9.107        247.35       0.00404      0.0          0.0          
9.116        226.055      0.00442      0.0          0.0          
9.126        209.606      0.00477      0.0          0.0          
9.135        197.71       0.00506      0.0          0.0          
9.144        180.609      0.00554      0.0          0.0          
9.153        163.89       0.0061       0.0          0.0          
9.162        141.419      0.00707      0.0          0.0          
9.171        119.137      0.00839      0.0          0.0          
9.181        103.489      0.00966      0.0          0.0          
9.19         94.601       0.01057      0.0          0.0          
9.199        86.784       0.01152      0.0          0.0          
9.208        83.84        0.01193      0.0          0.0          
9.217        81.321       0.0123       0.0          0.0          
9.226        78.342       0.01276      0.0          0.0          
9.236        78.653       0.01271      0.0          0.0          
9.245        76.663       0.01304      0.0          0.0          
9.254        77.306       0.01294      0.0          0.0          
9.263        76.578       0.01306      0.0          0.0          
9.272        75.195       0.0133       0.0          0.0          
9.282        74.768       0.01337      0.0          0.0          
9.291        74.169       0.01348      0.0          0.0          
9.3          73.407       0.01362      0.0          0.0          
9.309        74.935       0.01334      0.0          0.0          
9.318        73.703       0.01357      0.0          0.0          
9.327        72.329       0.01383      0.0          0.0          
9.337        72.623       0.01377      0.0          0.0          
9.346        73.746       0.01356      0.0          0.0          
9.355        74.237       0.01347      0.0          0.0          
9.364        73.55        0.0136       0.0          0.0          
9.373        73.514       0.0136       0.0          0.0          
9.382        73.646       0.01358      0.0          0.0          
9.392        72.842       0.01373      0.0          0.0          
9.401        73.183       0.01366      0.0          0.0          
9.41         73.2         0.01366      0.0          0.0          
9.419        72.397       0.01381      0.0          0.0          
9.428        72.959       0.01371      0.0          0.0          
9.437        71.687       0.01395      0.0          0.0          
9.447        73.359       0.01363      0.0          0.0          
9.456        72.237       0.01384      0.0          0.0          
9.465        72.592       0.01378      0.0          0.0          
9.474        72.508       0.01379      0.0          0.0          
9.483        71.15        0.01405      0.0          0.0          
9.492        72.939       0.01371      0.0          0.0          
9.502        72.453       0.0138       0.0          0.0          
9.511        70.973       0.01409      0.0          0.0          
9.52         73.552       0.0136       0.0          0.0          
9.529        73.421       0.01362      0.0          0.0          
9.538        72.743       0.01375      0.0          0.0          
9.547        70.989       0.01409      0.0          0.0          
9.557        72.82        0.01373      0.0          0.0          
9.566        72.056       0.01388      0.0          0.0          
9.575        71.879       0.01391      0.0          0.0          
9.584        72.179       0.01385      0.0          0.0          
9.593        72.641       0.01377      0.0          0.0          
9.603        71.769       0.01393      0.0          0.0          
9.612        72.22        0.01385      0.0          0.0          
9.621        72.601       0.01377      0.0          0.0          
9.63         74.243       0.01347      0.0          0.0          
9.639        74.081       0.0135       0.0          0.0          
9.648        73.275       0.01365      0.0          0.0          
9.658        74.652       0.0134       0.0          0.0          
9.667        74.57        0.01341      0.0          0.0          
9.676        75.191       0.0133       0.0          0.0          
9.685        75.083       0.01332      0.0          0.0          
9.694        74.874       0.01336      0.0          0.0          
9.703        75.773       0.0132       0.0          0.0          
9.713        73.753       0.01356      0.0          0.0          
9.722        74.819       0.01337      0.0          0.0          
9.731        75.56        0.01323      0.0          0.0          
9.74         75.315       0.01328      0.0          0.0          
9.749        75.579       0.01323      0.0          0.0          
9.758        75.477       0.01325      0.0          0.0          
9.768        75.739       0.0132       0.0          0.0          
9.777        76.651       0.01305      0.0          0.0          
9.786        76.655       0.01305      0.0          0.0          
9.795        79.178       0.01263      0.0          0.0          
9.804        80.924       0.01236      0.0          0.0          
9.814        82.584       0.01211      0.0          0.0          
9.823        89.558       0.01117      0.0          0.0          
9.832        98.693       0.01013      0.0          0.0          
9.841        109.143      0.00916      0.0          0.0          
9.85         127.363      0.00785      0.0          0.0          
9.859        150.983      0.00662      0.0          0.0          
9.869        180.755      0.00553      0.0          0.0          
9.878        216.713      0.00461      0.0          0.0          
9.887        239.954      0.00417      0.0          0.0          
9.896        249.874      0.004        0.0          0.0          
9.905        236.944      0.00422      0.0          0.0          
9.914        216.3        0.00462      0.0          0.0          
9.924        207.453      0.00482      0.0          0.0          
9.933        220.612      0.00453      0.0          0.0          
9.942        265.302      0.00377      0.0          0.0          
9.951        319.433      0.00313      0.0          0.0          
9.96         307.139      0.00326      0.0          0.0          
9.97         311.573      0.00321      0.0          0.0          
9.979        253.457      0.00395      0.0          0.0          
9.988        189.719      0.00527      0.0          0.0          
9.997        142.239      0.00703      0.0          0.0          
10.006       113.555      0.00881      0.0          0.0          
10.015       98.157       0.01019      0.0          0.0          
10.025       92.174       0.01085      0.0          0.0          
10.034       87.49        0.01143      0.0          0.0          
10.043       84.983       0.01177      0.0          0.0          
10.052       82.011       0.01219      0.0          0.0          
10.061       82.736       0.01209      0.0          0.0          
10.07        80.231       0.01246      0.0          0.0          
10.08        81.932       0.01221      0.0          0.0          
10.089       79.55        0.01257      0.0          0.0          
10.098       80.515       0.01242      0.0          0.0          
10.107       80.341       0.01245      0.0          0.0          
10.116       81.528       0.01227      0.0          0.0          
10.125       81.592       0.01226      0.0          0.0          
10.135       84.463       0.01184      0.0          0.0          
10.144       86.517       0.01156      0.0          0.0          
10.153       90.285       0.01108      0.0          0.0          
10.162       99.352       0.01007      0.0          0.0          
10.171       112.979      0.00885      0.0          0.0          
10.181       137.121      0.00729      0.0          0.0          
10.19        178.319      0.00561      0.0          0.0          
10.199       230.098      0.00435      0.0          0.0          
10.208       277.372      0.00361      0.0          0.0          
10.217       306.704      0.00326      0.0          0.0          
10.226       294.882      0.00339      0.0          0.0          
10.236       256.193      0.0039       0.0          0.0          
10.245       207.734      0.00481      0.0          0.0          
10.254       162.737      0.00614      0.0          0.0          
10.263       131.353      0.00761      0.0          0.0          
10.272       112.302      0.0089       0.0          0.0          
10.282       99.191       0.01008      0.0          0.0          
10.291       91.139       0.01097      0.0          0.0          
10.3         86.449       0.01157      0.0          0.0          
10.309       83.735       0.01194      0.0          0.0          
10.318       80.944       0.01235      0.0          0.0          
10.327       81.563       0.01226      0.0          0.0          
10.337       79.533       0.01257      0.0          0.0          
10.346       80.393       0.01244      0.0          0.0          
10.355       79.755       0.01254      0.0          0.0          
10.364       79.233       0.01262      0.0          0.0          
10.373       79.503       0.01258      0.0          0.0          
10.382       79.442       0.01259      0.0          0.0          
10.392       79.705       0.01255      0.0          0.0          
10.401       78.056       0.01281      0.0          0.0          
10.41        78.908       0.01267      0.0          0.0          
10.419       78.95        0.01267      0.0          0.0          
10.428       78.858       0.01268      0.0          0.0          
10.438       79.471       0.01258      0.0          0.0          
10.447       81.059       0.01234      0.0          0.0          
10.456       81.965       0.0122       0.0          0.0          
10.465       79.363       0.0126       0.0          0.0          
10.474       82.231       0.01216      0.0          0.0          
10.483       81.416       0.01228      0.0          0.0          
10.493       80.682       0.01239      0.0          0.0          
10.502       82.433       0.01213      0.0          0.0          
10.511       83.556       0.01197      0.0          0.0          
10.52        84.231       0.01187      0.0          0.0          
10.529       86.429       0.01157      0.0          0.0          
10.539       86.824       0.01152      0.0          0.0          
10.548       89.585       0.01116      0.0          0.0          
10.557       90.963       0.01099      0.0          0.0          
10.566       96.234       0.01039      0.0          0.0          
10.575       101.146      0.00989      0.0          0.0          
10.584       109.992      0.00909      0.0          0.0          
10.594       125.627      0.00796      0.0          0.0          
10.603       149.767      0.00668      0.0          0.0          
10.612       184.503      0.00542      0.0          0.0          
10.621       227.192      0.0044       0.0          0.0          
10.63        280.209      0.00357      0.0          0.0          
10.639       339.567      0.00294      0.0          0.0          
10.649       402.626      0.00248      0.0          0.0          
10.658       459.511      0.00218      0.0          0.0          
10.667       505.389      0.00198      0.0          0.0          
10.676       534.197      0.00187      0.0          0.0          
10.685       546.851      0.00183      0.0          0.0          
10.695       545.162      0.00183      0.0          0.0          
10.704       525.148      0.0019       0.0          0.0          
10.713       486.898      0.00205      0.0          0.0          
10.722       435.146      0.0023       0.0          0.0          
10.731       373.308      0.00268      0.0          0.0          
10.74        314.12       0.00318      0.0          0.0          
10.75        255.563      0.00391      0.0          0.0          
10.759       205.797      0.00486      0.0          0.0          
10.768       165.349      0.00605      0.0          0.0          
10.777       136.855      0.00731      0.0          0.0          
10.786       119.676      0.00836      0.0          0.0          
10.796       105.781      0.00945      0.0          0.0          
10.805       99.263       0.01007      0.0          0.0          
10.814       94.936       0.01053      0.0          0.0          
10.823       90.256       0.01108      0.0          0.0          
10.832       88.076       0.01135      0.0          0.0          
10.841       85.442       0.0117       0.0          0.0          
10.851       85.486       0.0117       0.0          0.0          
10.86        83.234       0.01201      0.0          0.0          
10.869       84.523       0.01183      0.0          0.0          
10.878       82.492       0.01212      0.0          0.0          
10.887       81.443       0.01228      0.0          0.0          
10.897       80.632       0.0124       0.0          0.0          
10.906       81.233       0.01231      0.0          0.0          
10.915       80.749       0.01238      0.0          0.0          
10.924       79.941       0.01251      0.0          0.0          
10.933       79.701       0.01255      0.0          0.0          
10.942       78.971       0.01266      0.0          0.0          
10.952       79.25        0.01262      0.0          0.0          
10.961       80.87        0.01237      0.0          0.0          
10.97        79.752       0.01254      0.0          0.0          
10.979       79.121       0.01264      0.0          0.0          
10.988       79.596       0.01256      0.0          0.0          
10.998       79.918       0.01251      0.0          0.0          
11.007       77.819       0.01285      0.0          0.0          
11.016       79.797       0.01253      0.0          0.0          
11.025       78.868       0.01268      0.0          0.0          
11.034       78.481       0.01274      0.0          0.0          
11.043       79.283       0.01261      0.0          0.0          
11.053       81.271       0.0123       0.0          0.0          
11.062       78.571       0.01273      0.0          0.0          
11.071       77.851       0.01285      0.0          0.0          
11.08        78.7         0.01271      0.0          0.0          
11.089       77.783       0.01286      0.0          0.0          
11.099       79.527       0.01257      0.0          0.0          
11.108       80.35        0.01245      0.0          0.0          
