x            y_obs        weight       y_calc       y_bkg        
1.959        64.026       0.01562      0.0          0.0          
1.968        68.154       0.01467      0.0          0.0          
1.977        68.248       0.01465      0.0          0.0          
1.986        62.479       0.01601      0.0          0.0          
1.995        64.724       0.01545      0.0          0.0          
2.005        67.39        0.01484      0.0          0.0          
2.014        72.349       0.01382      0.0          0.0          
2.023        66.337       0.01507      0.0          0.0          
2.032        60.846       0.01643      0.0          0.0          
2.041        62.266       0.01606      0.0          0.0          
2.05         57.752       0.01732      0.0          0.0          
2.059        60.648       0.01649      0.0          0.0          
2.069        58.255       0.01717      0.0          0.0          
2.078        59.146       0.01691      0.0          0.0          
2.087        58.903       0.01698      0.0          0.0          
2.096        56.2         0.01779      0.0          0.0          
2.105        59.262       0.01687      0.0          0.0          
2.114        58.785       0.01701      0.0          0.0          
2.123        58.129       0.0172       0.0          0.0          
2.133        58.574       0.01707      0.0          0.0          
2.142        58.501       0.01709      0.0          0.0          
2.151        60.433       0.01655      0.0          0.0          
2.16         60.602       0.0165       0.0          0.0          
2.169        57.462       0.0174       0.0          0.0          
2.178        59.34        0.01685      0.0          0.0          
2.187        59.233       0.01688      0.0          0.0          
2.197        56.976       0.01755      0.0          0.0          
2.206        55.981       0.01786      0.0          0.0          
2.215        58.199       0.01718      0.0          0.0          
2.224        58.996       0.01695      0.0          0.0          
2.233        57.898       0.01727      0.0          0.0          
2.242        60.569       0.01651      0.0          0.0          
2.251        58.893       0.01698      0.0          0.0          
2.261        60.149       0.01663      0.0          0.0          
2.27         63.772       0.01568      0.0          0.0          
2.279        60.536       0.01652      0.0          0.0          
2.288        62.287       0.01605      0.0          0.0          
2.297        62.4         0.01603      0.0          0.0          
2.306        60.303       0.01658      0.0          0.0          
2.315        59.993       0.01667      0.0          0.0          
2.325        58.031       0.01723      0.0          0.0          
2.334        59.772       0.01673      0.0          0.0          
2.343        57.207       0.01748      0.0          0.0          
2.352        57.837       0.01729      0.0          0.0          
2.361        57.885       0.01728      0.0          0.0          
2.37         59.62        0.01677      0.0          0.0          
2.379        56.97        0.01755      0.0          0.0          
2.389        62.931       0.01589      0.0          0.0          
2.398        58.301       0.01715      0.0          0.0          
2.407        58.995       0.01695      0.0          0.0          
2.416        58.881       0.01698      0.0          0.0          
2.425        59.719       0.01675      0.0          0.0          
2.434        58.455       0.01711      0.0          0.0          
2.443        60.87        0.01643      0.0          0.0          
2.453        58.935       0.01697      0.0          0.0          
2.462        57.493       0.01739      0.0          0.0          
2.471        61.543       0.01625      0.0          0.0          
2.48         58.952       0.01696      0.0          0.0          
2.489        57.408       0.01742      0.0          0.0          
2.498        60.506       0.01653      0.0          0.0          
2.507        58.061       0.01722      0.0          0.0          
2.517        61.613       0.01623      0.0          0.0          
2.526        58.515       0.01709      0.0          0.0          
2.535        61.773       0.01619      0.0          0.0          
2.544        59.374       0.01684      0.0          0.0          
2.553        59.207       0.01689      0.0          0.0          
2.562        57.741       0.01732      0.0          0.0          
2.571        57.863       0.01728      0.0          0.0          
2.581        58.17        0.01719      0.0          0.0          
2.59         57.675       0.01734      0.0          0.0          
2.599        59.573       0.01679      0.0          0.0          
2.608        57.519       0.01739      0.0          0.0          
2.617        58.067       0.01722      0.0          0.0          
2.626        60.845       0.01644      0.0          0.0          
2.635        57.996       0.01724      0.0          0.0          
2.645        59.818       0.01672      0.0          0.0          
2.654        60.651       0.01649      0.0          0.0          
2.663        61.95        0.01614      0.0          0.0          
2.672        57.477       0.0174       0.0          0.0          
2.681        60.416       0.01655      0.0          0.0          
2.69         59.953       0.01668      0.0          0.0          
2.699        57.863       0.01728      0.0          0.0          
2.709        57.913       0.01727      0.0          0.0          
2.718        59.556       0.01679      0.0          0.0          
2.727        59.696       0.01675      0.0          0.0          
2.736        58.8         0.01701      0.0          0.0          
2.745        61.288       0.01632      0.0          0.0          
2.754        60.969       0.0164       0.0          0.0          
2.763        60.983       0.0164       0.0          0.0          
2.773        62.543       0.01599      0.0          0.0          
2.782        61.441       0.01628      0.0          0.0          
2.791        58.331       0.01714      0.0          0.0          
2.8          60.402       0.01656      0.0          0.0          
2.809        63.456       0.01576      0.0          0.0          
2.818        57.688       0.01733      0.0          0.0          
2.827        60.321       0.01658      0.0          0.0          
2.837        58.934       0.01697      0.0          0.0          
2.846        62.777       0.01593      0.0          0.0          
2.855        62.214       0.01607      0.0          0.0          
2.864        62.256       0.01606      0.0          0.0          
2.873        63.271       0.01581      0.0          0.0          
2.882        61.306       0.01631      0.0          0.0          
2.891        60.833       0.01644      0.0          0.0          
2.901        61.106       0.01637      0.0          0.0          
2.91         63.2         0.01582      0.0          0.0          
2.919        60.191       0.01661      0.0          0.0          
2.928        61.443       0.01628      0.0          0.0          
2.937        57.599       0.01736      0.0          0.0          
2.946        61.025       0.01639      0.0          0.0          
2.955        60.503       0.01653      0.0          0.0          
2.965        60.588       0.0165       0.0          0.0          
2.974        61.573       0.01624      0.0          0.0          
2.983        63.963       0.01563      0.0          0.0          
2.992        62.552       0.01599      0.0          0.0          
3.001        61.495       0.01626      0.0          0.0          
3.01         62.785       0.01593      0.0          0.0          
3.019        64.878       0.01541      0.0          0.0          
3.029        62.445       0.01601      0.0          0.0          
3.038        60.834       0.01644      0.0          0.0          
3.047        65.002       0.01538      0.0          0.0          
3.056        62.322       0.01605      0.0          0.0          
3.065        60.762       0.01646      0.0          0.0          
3.074        61.354       0.0163       0.0          0.0          
3.083        63.125       0.01584      0.0          0.0          
3.093        63.231       0.01582      0.0          0.0          
3.102        64.6         0.01548      0.0          0.0          
3.111        62.315       0.01605      0.0          0.0          
3.12         64.478       0.01551      0.0          0.0          
3.129        63.064       0.01586      0.0          0.0          
3.138        65.024       0.01538      0.0          0.0          
3.147        65.858       0.01518      0.0          0.0          
3.157        64.417       0.01552      0.0          0.0          
3.166        63.846       0.01566      0.0          0.0          
3.175        64.737       0.01545      0.0          0.0          
3.184        67.028       0.01492      0.0          0.0          
3.193        69.629       0.01436      0.0          0.0          
3.202        77.346       0.01293      0.0          0.0          
3.211        83.951       0.01191      0.0          0.0          
3.221        87.52        0.01143      0.0          0.0          
3.23         82.692       0.01209      0.0          0.0          
3.239        74.235       0.01347      0.0          0.0          
3.248        71.302       0.01402      0.0          0.0          
3.257        67.338       0.01485      0.0          0.0          
3.266        63.68        0.0157       0.0          0.0          
3.275        66.449       0.01505      0.0          0.0          
3.285        62.931       0.01589      0.0          0.0          
3.294        66.453       0.01505      0.0          0.0          
3.303        65.446       0.01528      0.0          0.0          
3.312        64.905       0.01541      0.0          0.0          
3.321        67.562       0.0148       0.0          0.0          
3.33         65.378       0.0153       0.0          0.0          
3.339        64.994       0.01539      0.0          0.0          
3.349        65.035       0.01538      0.0          0.0          
3.358        65.231       0.01533      0.0          0.0          
3.367        64.424       0.01552      0.0          0.0          
3.376        66.642       0.01501      0.0          0.0          
3.385        66.689       0.015        0.0          0.0          
3.394        66.225       0.0151       0.0          0.0          
3.403        67.707       0.01477      0.0          0.0          
3.413        67.958       0.01471      0.0          0.0          
3.422        67.049       0.01491      0.0          0.0          
3.431        66.316       0.01508      0.0          0.0          
3.44         67.615       0.01479      0.0          0.0          
3.449        66.662       0.015        0.0          0.0          
3.458        68.696       0.01456      0.0          0.0          
3.468        68.761       0.01454      0.0          0.0          
3.477        70.37        0.01421      0.0          0.0          
3.486        69.506       0.01439      0.0          0.0          
3.495        71.11        0.01406      0.0          0.0          
3.504        70.952       0.01409      0.0          0.0          
3.513        72.167       0.01386      0.0          0.0          
3.522        69.32        0.01443      0.0          0.0          
3.532        71.969       0.01389      0.0          0.0          
3.541        69.449       0.0144       0.0          0.0          
3.55         69.482       0.01439      0.0          0.0          
3.559        71.709       0.01395      0.0          0.0          
3.568        70.486       0.01419      0.0          0.0          
3.577        72.382       0.01382      0.0          0.0          
3.586        73.808       0.01355      0.0          0.0          
3.596        75.268       0.01329      0.0          0.0          
3.605        74.987       0.01334      0.0          0.0          
3.614        74.954       0.01334      0.0          0.0          
3.623        76.619       0.01305      0.0          0.0          
3.632        77.692       0.01287      0.0          0.0          
3.641        76.464       0.01308      0.0          0.0          
3.65         76.787       0.01302      0.0          0.0          
3.66         79.377       0.0126       0.0          0.0          
3.669        77.488       0.01291      0.0          0.0          
3.678        79.411       0.01259      0.0          0.0          
3.687        79.903       0.01252      0.0          0.0          
3.696        86.858       0.01151      0.0          0.0          
3.705        98.582       0.01014      0.0          0.0          
3.714        108.029      0.00926      0.0          0.0          
3.724        113.629      0.0088       0.0          0.0          
3.733        104.505      0.00957      0.0          0.0          
3.742        97.625       0.01024      0.0          0.0          
3.751        94.999       0.01053      0.0          0.0          
3.76         95.758       0.01044      0.0          0.0          
3.769        97.174       0.01029      0.0          0.0          
3.778        100.586      0.00994      0.0          0.0          
3.788        103.106      0.0097       0.0          0.0          
3.797        104.833      0.00954      0.0          0.0          
3.806        103.415      0.00967      0.0          0.0          
3.815        107.593      0.00929      0.0          0.0          
3.824        115.939      0.00863      0.0          0.0          
3.833        122.846      0.00814      0.0          0.0          
3.842        130.617      0.00766      0.0          0.0          
3.852        138.111      0.00724      0.0          0.0          
3.861        147.873      0.00676      0.0          0.0          
3.87         166.172      0.00602      0.0          0.0          
3.879        184.172      0.00543      0.0          0.0          
3.888        214.56       0.00466      0.0          0.0          
3.897        266.523      0.00375      0.0          0.0          
3.906        341.804      0.00293      0.0          0.0          
3.916        551.622      0.00181      0.0          0.0          
3.925        1165.91      0.00086      0.0          0.0          
3.934        2911.959     0.00034      0.0          0.0          
3.943        5618.336     0.00018      0.0          0.0          
3.952        7093.352     0.00014      0.0          0.0          
3.961        5460.575     0.00018      0.0          0.0          
3.971        2693.414     0.00037      0.0          0.0          
3.98         1581.217     0.00063      0.0          0.0          
3.989        1744.564     0.00057      0.0          0.0          
3.998        2983.635     0.00034      0.0          0.0          
4.007        5841.113     0.00017      0.0          0.0          
4.016        9623.764     0.0001       0.0          0.0          
4.025        12048.498    0.00008      0.0          0.0          
4.035        12028.674    0.00008      0.0          0.0          
4.044        10140.364    0.0001       0.0          0.0          
4.053        6890.728     0.00015      0.0          0.0          
4.062        3868.081     0.00026      0.0          0.0          
4.071        1907.348     0.00052      0.0          0.0          
4.08         945.194      0.00106      0.0          0.0          
4.089        552.963      0.00181      0.0          0.0          
4.099        367.063      0.00272      0.0          0.0          
4.108        281.112      0.00356      0.0          0.0          
4.117        232.257      0.00431      0.0          0.0          
4.126        198.621      0.00503      0.0          0.0          
4.135        179.019      0.00559      0.0          0.0          
4.144        164.528      0.00608      0.0          0.0          
4.153        150.185      0.00666      0.0          0.0          
4.163        139.466      0.00717      0.0          0.0          
4.172        129.86       0.0077       0.0          0.0          
4.181        124.658      0.00802      0.0          0.0          
4.19         117.76       0.00849      0.0          0.0          
4.199        110.364      0.00906      0.0          0.0          
4.208        109.537      0.00913      0.0          0.0          
4.217        102.299      0.00978      0.0          0.0          
4.227        100.48       0.00995      0.0          0.0          
4.236        98.447       0.01016      0.0          0.0          
4.245        97.514       0.01025      0.0          0.0          
4.254        96.797       0.01033      0.0          0.0          
4.263        89.917       0.01112      0.0          0.0          
4.272        91.797       0.01089      0.0          0.0          
4.281        91.695       0.01091      0.0          0.0          
4.291        86.214       0.0116       0.0          0.0          
4.3          87.768       0.01139      0.0          0.0          
4.309        88.918       0.01125      0.0          0.0          
4.318        89.757       0.01114      0.0          0.0          
4.327        87.004       0.01149      0.0          0.0          
4.336        84.332       0.01186      0.0          0.0          
4.346        83.881       0.01192      0.0          0.0          
4.355        78.892       0.01268      0.0          0.0          
4.364        82.618       0.0121       0.0          0.0          
4.373        85.322       0.01172      0.0          0.0          
4.382        82.782       0.01208      0.0          0.0          
4.391        81.452       0.01228      0.0          0.0          
4.4          82.885       0.01206      0.0          0.0          
4.41         83.081       0.01204      0.0          0.0          
4.419        82.377       0.01214      0.0          0.0          
4.428        84.928       0.01177      0.0          0.0          
4.437        85.534       0.01169      0.0          0.0          
4.446        89.276       0.0112       0.0          0.0          
4.455        91.141       0.01097      0.0          0.0          
4.464        93.254       0.01072      0.0          0.0          
4.474        94.923       0.01053      0.0          0.0          
4.483        103.063      0.0097       0.0          0.0          
4.492        111.407      0.00898      0.0          0.0          
4.501        124.537      0.00803      0.0          0.0          
4.51         156.0        0.00641      0.0          0.0          
4.519        210.002      0.00476      0.0          0.0          
4.528        323.595      0.00309      0.0          0.0          
4.538        582.371      0.00172      0.0          0.0          
4.547        950.609      0.00105      0.0          0.0          
4.556        1352.244     0.00074      0.0          0.0          
4.565        1419.901     0.0007       0.0          0.0          
4.574        1139.462     0.00088      0.0          0.0          
4.583        661.118      0.00151      0.0          0.0          
4.593        376.681      0.00265      0.0          0.0          
4.602        223.922      0.00447      0.0          0.0          
4.611        155.126      0.00645      0.0          0.0          
4.62         121.855      0.00821      0.0          0.0          
4.629        102.369      0.00977      0.0          0.0          
4.638        94.287       0.01061      0.0          0.0          
4.647        89.75        0.01114      0.0          0.0          
4.657        82.683       0.01209      0.0          0.0          
4.666        80.357       0.01244      0.0          0.0          
4.675        76.001       0.01316      0.0          0.0          
4.684        76.286       0.01311      0.0          0.0          
4.693        76.472       0.01308      0.0          0.0          
4.702        74.555       0.01341      0.0          0.0          
4.711        73.293       0.01364      0.0          0.0          
4.721        71.303       0.01402      0.0          0.0          
4.73         71.759       0.01394      0.0          0.0          
4.739        71.57        0.01397      0.0          0.0          
4.748        70.786       0.01413      0.0          0.0          
4.757        71.675       0.01395      0.0          0.0          
4.766        72.105       0.01387      0.0          0.0          
4.775        73.183       0.01366      0.0          0.0          
4.785        69.998       0.01429      0.0          0.0          
4.794        70.204       0.01424      0.0          0.0          
4.803        70.294       0.01423      0.0          0.0          
4.812        69.829       0.01432      0.0          0.0          
4.821        69.277       0.01443      0.0          0.0          
4.83         68.941       0.01451      0.0          0.0          
4.84         71.42        0.014        0.0          0.0          
4.849        69.433       0.0144       0.0          0.0          
4.858        68.556       0.01459      0.0          0.0          
4.867        69.204       0.01445      0.0          0.0          
4.876        66.05        0.01514      0.0          0.0          
4.885        68.141       0.01468      0.0          0.0          
4.894        65.376       0.0153       0.0          0.0          
4.904        69.535       0.01438      0.0          0.0          
4.913        67.057       0.01491      0.0          0.0          
4.922        69.14        0.01446      0.0          0.0          
4.931        66.066       0.01514      0.0          0.0          
4.94         68.832       0.01453      0.0          0.0          
4.949        68.678       0.01456      0.0          0.0          
4.958        65.402       0.01529      0.0          0.0          
4.968        64.936       0.0154       0.0          0.0          
4.977        68.186       0.01467      0.0          0.0          
4.986        66.455       0.01505      0.0          0.0          
4.995        66.115       0.01513      0.0          0.0          
5.004        66.363       0.01507      0.0          0.0          
5.013        66.959       0.01493      0.0          0.0          
5.023        67.025       0.01492      0.0          0.0          
5.032        66.996       0.01493      0.0          0.0          
5.041        67.324       0.01485      0.0          0.0          
5.05         66.512       0.01503      0.0          0.0          
5.059        67.288       0.01486      0.0          0.0          
5.068        69.448       0.0144       0.0          0.0          
5.077        68.426       0.01461      0.0          0.0          
5.087        66.892       0.01495      0.0          0.0          
5.096        68.772       0.01454      0.0          0.0          
5.105        65.497       0.01527      0.0          0.0          
5.114        65.965       0.01516      0.0          0.0          
5.123        66.716       0.01499      0.0          0.0          
5.132        65.541       0.01526      0.0          0.0          
5.141        65.792       0.0152       0.0          0.0          
5.151        68.799       0.01454      0.0          0.0          
5.16         67.03        0.01492      0.0          0.0          
5.169        65.637       0.01524      0.0          0.0          
5.178        65.993       0.01515      0.0          0.0          
5.187        67.797       0.01475      0.0          0.0          
5.196        68.959       0.0145       0.0          0.0          
5.206        68.332       0.01463      0.0          0.0          
5.215        67.86        0.01474      0.0          0.0          
5.224        66.98        0.01493      0.0          0.0          
5.233        70.4         0.0142       0.0          0.0          
5.242        71.207       0.01404      0.0          0.0          
5.251        74.22        0.01347      0.0          0.0          
5.26         72.73        0.01375      0.0          0.0          
5.27         75.872       0.01318      0.0          0.0          
5.279        73.99        0.01352      0.0          0.0          
5.288        69.255       0.01444      0.0          0.0          
5.297        68.526       0.01459      0.0          0.0          
5.306        68.644       0.01457      0.0          0.0          
5.315        67.342       0.01485      0.0          0.0          
5.324        71.183       0.01405      0.0          0.0          
5.334        70.057       0.01427      0.0          0.0          
5.343        66.849       0.01496      0.0          0.0          
5.352        68.291       0.01464      0.0          0.0          
5.361        69.171       0.01446      0.0          0.0          
5.37         66.49        0.01504      0.0          0.0          
5.379        67.993       0.01471      0.0          0.0          
5.389        68.063       0.01469      0.0          0.0          
5.398        68.614       0.01457      0.0          0.0          
5.407        69.677       0.01435      0.0          0.0          
5.416        71.367       0.01401      0.0          0.0          
5.425        70.219       0.01424      0.0          0.0          
5.434        69.731       0.01434      0.0          0.0          
5.443        68.817       0.01453      0.0          0.0          
5.453        70.979       0.01409      0.0          0.0          
5.462        70.148       0.01426      0.0          0.0          
5.471        68.845       0.01453      0.0          0.0          
5.48         70.942       0.0141       0.0          0.0          
5.489        74.641       0.0134       0.0          0.0          
5.498        70.879       0.01411      0.0          0.0          
5.507        70.893       0.01411      0.0          0.0          
5.517        74.809       0.01337      0.0          0.0          
5.526        75.78        0.0132       0.0          0.0          
5.535        75.411       0.01326      0.0          0.0          
5.544        75.19        0.0133       0.0          0.0          
5.553        76.896       0.013        0.0          0.0          
5.562        80.612       0.01241      0.0          0.0          
5.572        84.534       0.01183      0.0          0.0          
5.581        90.666       0.01103      0.0          0.0          
5.59         99.902       0.01001      0.0          0.0          
5.599        114.642      0.00872      0.0          0.0          
5.608        143.176      0.00698      0.0          0.0          
5.617        190.074      0.00526      0.0          0.0          
5.626        250.455      0.00399      0.0          0.0          
5.636        328.553      0.00304      0.0          0.0          
5.645        433.288      0.00231      0.0          0.0          
5.654        602.494      0.00166      0.0          0.0          
5.663        739.367      0.00135      0.0          0.0          
5.672        827.158      0.00121      0.0          0.0          
5.681        935.579      0.00107      0.0          0.0          
5.691        1008.58      0.00099      0.0          0.0          
5.7          1073.789     0.00093      0.0          0.0          
5.709        1077.291     0.00093      0.0          0.0          
5.718        1074.336     0.00093      0.0          0.0          
5.727        997.352      0.001        0.0          0.0          
5.736        838.852      0.00119      0.0          0.0          
5.745        672.6        0.00149      0.0          0.0          
5.755        512.875      0.00195      0.0          0.0          
5.764        428.679      0.00233      0.0          0.0          
5.773        304.333      0.00329      0.0          0.0          
5.782        217.076      0.00461      0.0          0.0          
5.791        157.256      0.00636      0.0          0.0          
5.8          122.941      0.00813      0.0          0.0          
5.81         109.52       0.00913      0.0          0.0          
5.819        95.771       0.01044      0.0          0.0          
5.828        88.75        0.01127      0.0          0.0          
5.837        83.101       0.01203      0.0          0.0          
5.846        77.078       0.01297      0.0          0.0          
5.855        77.542       0.0129       0.0          0.0          
5.864        74.946       0.01334      0.0          0.0          
5.874        74.936       0.01334      0.0          0.0          
5.883        74.433       0.01343      0.0          0.0          
5.892        73.35        0.01363      0.0          0.0          
5.901        70.62        0.01416      0.0          0.0          
5.91         71.999       0.01389      0.0          0.0          
5.919        70.848       0.01411      0.0          0.0          
5.928        72.168       0.01386      0.0          0.0          
5.938        70.46        0.01419      0.0          0.0          
5.947        71.959       0.0139       0.0          0.0          
5.956        69.021       0.01449      0.0          0.0          
5.965        69.213       0.01445      0.0          0.0          
5.974        69.414       0.01441      0.0          0.0          
5.983        69.106       0.01447      0.0          0.0          
5.993        71.1         0.01406      0.0          0.0          
6.002        69.899       0.01431      0.0          0.0          
6.011        69.47        0.01439      0.0          0.0          
6.02         72.693       0.01376      0.0          0.0          
6.029        67.826       0.01474      0.0          0.0          
6.038        71.226       0.01404      0.0          0.0          
6.047        71.914       0.01391      0.0          0.0          
6.057        69.376       0.01441      0.0          0.0          
6.066        69.888       0.01431      0.0          0.0          
6.075        70.541       0.01418      0.0          0.0          
6.084        68.682       0.01456      0.0          0.0          
6.093        69.989       0.01429      0.0          0.0          
6.102        71.847       0.01392      0.0          0.0          
6.112        70.088       0.01427      0.0          0.0          
6.121        71.529       0.01398      0.0          0.0          
6.13         70.202       0.01424      0.0          0.0          
6.139        70.69        0.01415      0.0          0.0          
6.148        74.024       0.01351      0.0          0.0          
6.157        74.181       0.01348      0.0          0.0          
6.166        74.766       0.01338      0.0          0.0          
6.176        76.877       0.01301      0.0          0.0          
6.185        75.274       0.01328      0.0          0.0          
6.194        74.979       0.01334      0.0          0.0          
6.203        73.268       0.01365      0.0          0.0          
6.212        71.801       0.01393      0.0          0.0          
6.221        72.137       0.01386      0.0          0.0          
6.231        70.963       0.01409      0.0          0.0          
6.24         71.623       0.01396      0.0          0.0          
6.249        72.362       0.01382      0.0          0.0          
6.258        71.517       0.01398      0.0          0.0          
6.267        72.895       0.01372      0.0          0.0          
6.276        74.72        0.01338      0.0          0.0          
6.285        73.228       0.01366      0.0          0.0          
6.295        76.256       0.01311      0.0          0.0          
6.304        77.181       0.01296      0.0          0.0          
6.313        75.462       0.01325      0.0          0.0          
6.322        76.153       0.01313      0.0          0.0          
6.331        78.306       0.01277      0.0          0.0          
6.34         79.796       0.01253      0.0          0.0          
6.35         82.29        0.01215      0.0          0.0          
6.359        85.162       0.01174      0.0          0.0          
6.368        84.75        0.0118       0.0          0.0          
6.377        96.889       0.01032      0.0          0.0          
6.386        102.319      0.00977      0.0          0.0          
6.395        116.547      0.00858      0.0          0.0          
6.404        140.938      0.0071       0.0          0.0          
6.414        157.074      0.00637      0.0          0.0          
6.423        287.443      0.00348      0.0          0.0          
6.432        537.645      0.00186      0.0          0.0          
6.441        1045.983     0.00096      0.0          0.0          
6.45         1680.106     0.0006       0.0          0.0          
6.459        1504.163     0.00066      0.0          0.0          
6.469        1746.718     0.00057      0.0          0.0          
6.478        1079.831     0.00093      0.0          0.0          
6.487        580.131      0.00172      0.0          0.0          
6.496        307.58       0.00325      0.0          0.0          
6.505        187.446      0.00533      0.0          0.0          
6.514        149.771      0.00668      0.0          0.0          
6.524        126.021      0.00794      0.0          0.0          
6.533        109.936      0.0091       0.0          0.0          
6.542        98.742       0.01013      0.0          0.0          
6.551        90.107       0.0111       0.0          0.0          
6.56         88.313       0.01132      0.0          0.0          
6.569        87.004       0.01149      0.0          0.0          
6.578        84.416       0.01185      0.0          0.0          
6.588        83.743       0.01194      0.0          0.0          
6.597        81.416       0.01228      0.0          0.0          
6.606        80.06        0.01249      0.0          0.0          
6.615        78.007       0.01282      0.0          0.0          
6.624        79.793       0.01253      0.0          0.0          
6.633        78.093       0.01281      0.0          0.0          
6.643        76.463       0.01308      0.0          0.0          
6.652        76.987       0.01299      0.0          0.0          
6.661        78.447       0.01275      0.0          0.0          
6.67         78.451       0.01275      0.0          0.0          
6.679        79.093       0.01264      0.0          0.0          
6.688        78.833       0.01269      0.0          0.0          
6.697        79.093       0.01264      0.0          0.0          
6.707        75.425       0.01326      0.0          0.0          
6.716        77.974       0.01282      0.0          0.0          
6.725        76.093       0.01314      0.0          0.0          
6.734        76.273       0.01311      0.0          0.0          
6.743        78.474       0.01274      0.0          0.0          
6.752        77.864       0.01284      0.0          0.0          
6.762        79.752       0.01254      0.0          0.0          
6.771        79.327       0.01261      0.0          0.0          
6.78         81.618       0.01225      0.0          0.0          
6.789        81.935       0.0122       0.0          0.0          
6.798        83.09        0.01204      0.0          0.0          
6.807        81.567       0.01226      0.0          0.0          
6.817        81.263       0.01231      0.0          0.0          
6.826        83.995       0.01191      0.0          0.0          
6.835        86.343       0.01158      0.0          0.0          
6.844        87.665       0.01141      0.0          0.0          
6.853        89.392       0.01119      0.0          0.0          
6.862        92.595       0.0108       0.0          0.0          
6.871        96.939       0.01032      0.0          0.0          
6.881        104.291      0.00959      0.0          0.0          
6.89         110.573      0.00904      0.0          0.0          
6.899        123.023      0.00813      0.0          0.0          
6.908        147.939      0.00676      0.0          0.0          
6.917        193.798      0.00516      0.0          0.0          
6.926        274.762      0.00364      0.0          0.0          
6.936        420.039      0.00238      0.0          0.0          
6.945        630.143      0.00159      0.0          0.0          
6.954        920.69       0.00109      0.0          0.0          
6.963        1226.691     0.00082      0.0          0.0          
6.972        1548.067     0.00065      0.0          0.0          
6.981        1802.461     0.00055      0.0          0.0          
6.991        1928.136     0.00052      0.0          0.0          
7.0          1899.912     0.00053      0.0          0.0          
7.009        1741.032     0.00057      0.0          0.0          
7.018        1430.573     0.0007       0.0          0.0          
7.027        1051.348     0.00095      0.0          0.0          
7.036        723.208      0.00138      0.0          0.0          
7.045        463.774      0.00216      0.0          0.0          
7.055        304.755      0.00328      0.0          0.0          
7.064        212.254      0.00471      0.0          0.0          
7.073        157.973      0.00633      0.0          0.0          
7.082        130.823      0.00764      0.0          0.0          
7.091        117.427      0.00852      0.0          0.0          
7.1          107.098      0.00934      0.0          0.0          
7.11         99.988       0.01         0.0          0.0          
7.119        96.398       0.01037      0.0          0.0          
7.128        93.352       0.01071      0.0          0.0          
7.137        92.562       0.0108       0.0          0.0          
7.146        89.279       0.0112       0.0          0.0          
7.155        87.599       0.01142      0.0          0.0          
7.165        86.002       0.01163      0.0          0.0          
7.174        86.118       0.01161      0.0          0.0          
7.183        84.962       0.01177      0.0          0.0          
7.192        83.228       0.01202      0.0          0.0          
7.201        82.233       0.01216      0.0          0.0          
7.21         81.879       0.01221      0.0          0.0          
7.219        81.151       0.01232      0.0          0.0          
7.229        81.942       0.0122       0.0          0.0          
7.238        80.052       0.01249      0.0          0.0          
7.247        79.704       0.01255      0.0          0.0          
7.256        82.027       0.01219      0.0          0.0          
7.265        82.799       0.01208      0.0          0.0          
7.274        81.022       0.01234      0.0          0.0          
7.284        80.294       0.01245      0.0          0.0          
7.293        82.115       0.01218      0.0          0.0          
7.302        79.308       0.01261      0.0          0.0          
7.311        78.12        0.0128       0.0          0.0          
7.32         80.952       0.01235      0.0          0.0          
7.329        79.843       0.01252      0.0          0.0          
7.339        78.77        0.0127       0.0          0.0          
7.348        82.226       0.01216      0.0          0.0          
7.357        80.364       0.01244      0.0          0.0          
7.366        78.969       0.01266      0.0          0.0          
7.375        81.024       0.01234      0.0          0.0          
7.384        82.323       0.01215      0.0          0.0          
7.394        81.212       0.01231      0.0          0.0          
7.403        84.06        0.0119       0.0          0.0          
7.412        83.65        0.01195      0.0          0.0          
7.421        85.949       0.01163      0.0          0.0          
7.43         86.126       0.01161      0.0          0.0          
7.439        87.144       0.01148      0.0          0.0          
7.448        87.467       0.01143      0.0          0.0          
7.458        91.942       0.01088      0.0          0.0          
7.467        93.985       0.01064      0.0          0.0          
7.476        96.544       0.01036      0.0          0.0          
7.485        100.276      0.00997      0.0          0.0          
7.494        106.461      0.00939      0.0          0.0          
7.503        121.66       0.00822      0.0          0.0          
7.513        145.038      0.00689      0.0          0.0          
7.522        188.847      0.0053       0.0          0.0          
7.531        272.335      0.00367      0.0          0.0          
7.54         417.577      0.00239      0.0          0.0          
7.549        755.405      0.00132      0.0          0.0          
7.558        1307.688     0.00076      0.0          0.0          
7.568        1828.256     0.00055      0.0          0.0          
7.577        1879.598     0.00053      0.0          0.0          
7.586        1473.922     0.00068      0.0          0.0          
7.595        1039.08      0.00096      0.0          0.0          
7.604        665.444      0.0015       0.0          0.0          
7.613        388.92       0.00257      0.0          0.0          
7.623        249.647      0.00401      0.0          0.0          
7.632        172.658      0.00579      0.0          0.0          
7.641        137.476      0.00727      0.0          0.0          
7.65         121.157      0.00825      0.0          0.0          
7.659        109.683      0.00912      0.0          0.0          
7.668        100.985      0.0099       0.0          0.0          
7.677        94.685       0.01056      0.0          0.0          
7.687        92.062       0.01086      0.0          0.0          
7.696        87.038       0.01149      0.0          0.0          
7.705        87.448       0.01144      0.0          0.0          
7.714        86.09        0.01162      0.0          0.0          
7.723        84.12        0.01189      0.0          0.0          
7.732        82.978       0.01205      0.0          0.0          
7.742        83.684       0.01195      0.0          0.0          
7.751        82.848       0.01207      0.0          0.0          
7.76         82.96        0.01205      0.0          0.0          
7.769        81.795       0.01223      0.0          0.0          
7.778        82.342       0.01214      0.0          0.0          
7.787        79.92        0.01251      0.0          0.0          
7.797        83.255       0.01201      0.0          0.0          
7.806        84.185       0.01188      0.0          0.0          
7.815        82.458       0.01213      0.0          0.0          
7.824        82.642       0.0121       0.0          0.0          
7.833        84.216       0.01187      0.0          0.0          
7.842        89.423       0.01118      0.0          0.0          
7.852        91.95        0.01088      0.0          0.0          
7.861        102.999      0.00971      0.0          0.0          
7.87         122.367      0.00817      0.0          0.0          
7.879        170.148      0.00588      0.0          0.0          
7.888        258.755      0.00386      0.0          0.0          
7.897        422.047      0.00237      0.0          0.0          
7.907        526.365      0.0019       0.0          0.0          
7.916        536.711      0.00186      0.0          0.0          
7.925        413.971      0.00242      0.0          0.0          
7.934        274.564      0.00364      0.0          0.0          
7.943        188.863      0.00529      0.0          0.0          
7.952        139.97       0.00714      0.0          0.0          
7.962        115.306      0.00867      0.0          0.0          
7.971        108.942      0.00918      0.0          0.0          
7.98         111.59       0.00896      0.0          0.0          
7.989        115.781      0.00864      0.0          0.0          
7.998        136.138      0.00735      0.0          0.0          
8.007        169.047      0.00592      0.0          0.0          
8.016        237.015      0.00422      0.0          0.0          
8.026        327.499      0.00305      0.0          0.0          
8.035        441.326      0.00227      0.0          0.0          
8.044        562.106      0.00178      0.0          0.0          
8.053        664.659      0.0015       0.0          0.0          
8.062        715.769      0.0014       0.0          0.0          
8.071        703.966      0.00142      0.0          0.0          
8.081        650.621      0.00154      0.0          0.0          
8.09         576.908      0.00173      0.0          0.0          
8.099        498.291      0.00201      0.0          0.0          
8.108        413.991      0.00242      0.0          0.0          
8.117        323.491      0.00309      0.0          0.0          
8.126        247.762      0.00404      0.0          0.0          
8.136        188.445      0.00531      0.0          0.0          
8.145        145.528      0.00687      0.0          0.0          
8.154        119.819      0.00835      0.0          0.0          
8.163        102.502      0.00976      0.0          0.0          
8.172        93.486       0.0107       0.0          0.0          
8.181        88.083       0.01135      0.0          0.0          
8.191        86.082       0.01162      0.0          0.0          
8.2          80.818       0.01237      0.0          0.0          
8.209        79.064       0.01265      0.0          0.0          
8.218        79.257       0.01262      0.0          0.0          
8.227        78.605       0.01272      0.0          0.0          
8.236        77.75        0.01286      0.0          0.0          
8.246        76.757       0.01303      0.0          0.0          
8.255        78.173       0.01279      0.0          0.0          
8.264        76.251       0.01311      0.0          0.0          
8.273        77.183       0.01296      0.0          0.0          
8.282        75.83        0.01319      0.0          0.0          
8.291        76.801       0.01302      0.0          0.0          
8.301        76.15        0.01313      0.0          0.0          
8.31         75.492       0.01325      0.0          0.0          
8.319        77.557       0.01289      0.0          0.0          
8.328        79.186       0.01263      0.0          0.0          
8.337        75.619       0.01322      0.0          0.0          
8.346        76.325       0.0131       0.0          0.0          
8.356        76.909       0.013        0.0          0.0          
8.365        73.65        0.01358      0.0          0.0          
8.374        74.534       0.01342      0.0          0.0          
8.383        73.483       0.01361      0.0          0.0          
8.392        73.903       0.01353      0.0          0.0          
8.401        75.32        0.01328      0.0          0.0          
8.411        73.759       0.01356      0.0          0.0          
8.42         72.112       0.01387      0.0          0.0          
8.429        72.787       0.01374      0.0          0.0          
8.438        71.57        0.01397      0.0          0.0          
8.447        73.778       0.01355      0.0          0.0          
8.456        73.236       0.01365      0.0          0.0          
8.466        72.735       0.01375      0.0          0.0          
8.475        73.616       0.01358      0.0          0.0          
8.484        71.717       0.01394      0.0          0.0          
8.493        71.995       0.01389      0.0          0.0          
8.502        71.854       0.01392      0.0          0.0          
8.511        71.266       0.01403      0.0          0.0          
8.521        72.365       0.01382      0.0          0.0          
8.53         72.269       0.01384      0.0          0.0          
8.539        72.84        0.01373      0.0          0.0          
8.548        71.929       0.0139       0.0          0.0          
8.557        70.713       0.01414      0.0          0.0          
8.566        73.091       0.01368      0.0          0.0          
8.576        71.292       0.01403      0.0          0.0          
8.585        72.793       0.01374      0.0          0.0          
8.594        72.236       0.01384      0.0          0.0          
8.603        72.315       0.01383      0.0          0.0          
8.612        73.749       0.01356      0.0          0.0          
8.621        71.895       0.01391      0.0          0.0          
8.631        73.15        0.01367      0.0          0.0          
8.64         72.983       0.0137       0.0          0.0          
8.649        70.86        0.01411      0.0          0.0          
8.658        72.628       0.01377      0.0          0.0          
8.667        72.221       0.01385      0.0          0.0          
8.676        72.816       0.01373      0.0          0.0          
8.686        71.005       0.01408      0.0          0.0          
8.695        70.266       0.01423      0.0          0.0          
8.704        73.532       0.0136       0.0          0.0          
8.713        73.125       0.01368      0.0          0.0          
8.722        73.052       0.01369      0.0          0.0          
8.731        71.935       0.0139       0.0          0.0          
8.741        73.259       0.01365      0.0          0.0          
8.75         72.525       0.01379      0.0          0.0          
8.759        73.439       0.01362      0.0          0.0          
8.768        73.49        0.01361      0.0          0.0          
8.777        74.433       0.01343      0.0          0.0          
8.786        75.643       0.01322      0.0          0.0          
8.796        75.105       0.01331      0.0          0.0          
8.805        73.69        0.01357      0.0          0.0          
8.814        75.808       0.01319      0.0          0.0          
8.823        75.122       0.01331      0.0          0.0          
8.832        77.508       0.0129       0.0          0.0          
8.841        77.589       0.01289      0.0          0.0          
8.851        78.644       0.01272      0.0          0.0          
8.86         78.11        0.0128       0.0          0.0          
8.869        80.98        0.01235      0.0          0.0          
8.878        84.081       0.01189      0.0          0.0          
8.887        86.153       0.01161      0.0          0.0          
8.896        91.847       0.01089      0.0          0.0          
8.906        99.672       0.01003      0.0          0.0          
8.915        107.937      0.00926      0.0          0.0          
8.924        125.507      0.00797      0.0          0.0          
8.933        145.432      0.00688      0.0          0.0          
8.942        174.862      0.00572      0.0          0.0          
8.951        207.304      0.00482      0.0          0.0          
8.961        244.488      0.00409      0.0          0.0          
8.97         283.857      0.00352      0.0          0.0          
8.979        323.311      0.00309      0.0          0.0          
8.988        361.896      0.00276      0.0          0.0          
8.997        396.179      0.00252      0.0          0.0          
9.006        428.663      0.00233      0.0          0.0          
9.016        454.352      0.0022       0.0          0.0          
9.025        474.274      0.00211      0.0          0.0          
9.034        484.112      0.00207      0.0          0.0          
9.043        477.071      0.0021       0.0          0.0          
9.052        458.941      0.00218      0.0          0.0          
9.061        428.614      0.00233      0.0          0.0          
9.071        390.138      0.00256      0.0          0.0          
9.08         344.543      0.0029       0.0          0.0          
9.089        300.638      0.00333      0.0          0.0          
9.098        261.828      0.00382      0.0          0.0          
9.107        238.01       0.0042       0.0          0.0          
9.116        224.999      0.00444      0.0          0.0          
9.126        224.562      0.00445      0.0          0.0          
9.135        211.478      0.00473      0.0          0.0          
9.144        197.649      0.00506      0.0          0.0          
9.153        182.45       0.00548      0.0          0.0          
9.162        153.856      0.0065       0.0          0.0          
9.171        134.83       0.00742      0.0          0.0          
9.181        113.705      0.00879      0.0          0.0          
9.19         98.63        0.01014      0.0          0.0          
9.199        91.076       0.01098      0.0          0.0          
9.208        85.842       0.01165      0.0          0.0          
9.217        83.515       0.01197      0.0          0.0          
9.226        80.806       0.01238      0.0          0.0          
9.236        79.253       0.01262      0.0          0.0          
9.245        77.286       0.01294      0.0          0.0          
9.254        77.63        0.01288      0.0          0.0          
9.263        74.598       0.01341      0.0          0.0          
9.272        75.656       0.01322      0.0          0.0          
9.282        75.586       0.01323      0.0          0.0          
9.291        75.504       0.01324      0.0          0.0          
9.3          75.114       0.01331      0.0          0.0          
9.309        73.874       0.01354      0.0          0.0          
9.318        74.052       0.0135       0.0          0.0          
9.327        72.986       0.0137       0.0          0.0          
9.337        73.136       0.01367      0.0          0.0          
9.346        74.16        0.01348      0.0          0.0          
9.355        73.306       0.01364      0.0          0.0          
9.364        73.07        0.01369      0.0          0.0          
9.373        71.831       0.01392      0.0          0.0          
9.382        72.524       0.01379      0.0          0.0          
9.392        73.088       0.01368      0.0          0.0          
9.401        72.84        0.01373      0.0          0.0          
9.41         72.835       0.01373      0.0          0.0          
9.419        73.073       0.01368      0.0          0.0          
9.428        72.35        0.01382      0.0          0.0          
9.437        71.448       0.014        0.0          0.0          
9.447        73.452       0.01361      0.0          0.0          
9.456        71.768       0.01393      0.0          0.0          
9.465        72.444       0.0138       0.0          0.0          
9.474        71.251       0.01403      0.0          0.0          
9.483        71.713       0.01394      0.0          0.0          
9.492        72.294       0.01383      0.0          0.0          
9.502        70.692       0.01415      0.0          0.0          
9.511        72.773       0.01374      0.0          0.0          
9.52         72.111       0.01387      0.0          0.0          
9.529        72.58        0.01378      0.0          0.0          
9.538        72.731       0.01375      0.0          0.0          
9.547        73.048       0.01369      0.0          0.0          
9.557        73.128       0.01367      0.0          0.0          
9.566        72.083       0.01387      0.0          0.0          
9.575        71.745       0.01394      0.0          0.0          
9.584        72.139       0.01386      0.0          0.0          
9.593        72.404       0.01381      0.0          0.0          
9.603        72.479       0.0138       0.0          0.0          
9.612        72.766       0.01374      0.0          0.0          
9.621        70.957       0.01409      0.0          0.0          
9.63         72.836       0.01373      0.0          0.0          
9.639        72.594       0.01378      0.0          0.0          
9.648        71.472       0.01399      0.0          0.0          
9.658        72.467       0.0138       0.0          0.0          
9.667        75.545       0.01324      0.0          0.0          
9.676        73.385       0.01363      0.0          0.0          
9.685        74.719       0.01338      0.0          0.0          
9.694        74.755       0.01338      0.0          0.0          
9.703        74.253       0.01347      0.0          0.0          
9.713        74.299       0.01346      0.0          0.0          
9.722        76.253       0.01311      0.0          0.0          
9.731        73.25        0.01365      0.0          0.0          
9.74         73.702       0.01357      0.0          0.0          
9.749        75.387       0.01326      0.0          0.0          
9.758        74.928       0.01335      0.0          0.0          
9.768        75.197       0.0133       0.0          0.0          
9.777        75.62        0.01322      0.0          0.0          
9.786        75.71        0.01321      0.0          0.0          
9.795        76.443       0.01308      0.0          0.0          
9.804        76.547       0.01306      0.0          0.0          
9.814        81.998       0.0122       0.0          0.0          
9.823        86.755       0.01153      0.0          0.0          
9.832        91.406       0.01094      0.0          0.0          
9.841        100.395      0.00996      0.0          0.0          
9.85         112.341      0.0089       0.0          0.0          
9.859        128.25       0.0078       0.0          0.0          
9.869        147.997      0.00676      0.0          0.0          
9.878        169.182      0.00591      0.0          0.0          
9.887        185.363      0.00539      0.0          0.0          
9.896        192.617      0.00519      0.0          0.0          
9.905        190.187      0.00526      0.0          0.0          
9.914        182.631      0.00548      0.0          0.0          
9.924        178.678      0.0056       0.0          0.0          
9.933        205.147      0.00487      0.0          0.0          
9.942        256.989      0.00389      0.0          0.0          
9.951        330.798      0.00302      0.0          0.0          
9.96         372.276      0.00269      0.0          0.0          
9.97         362.722      0.00276      0.0          0.0          
9.979        301.255      0.00332      0.0          0.0          
9.988        224.182      0.00446      0.0          0.0          
9.997        163.305      0.00612      0.0          0.0          
10.006       127.517      0.00784      0.0          0.0          
10.015       106.084      0.00943      0.0          0.0          
10.025       94.579       0.01057      0.0          0.0          
10.034       87.845       0.01138      0.0          0.0          
10.043       84.368       0.01185      0.0          0.0          
10.052       82.591       0.01211      0.0          0.0          
10.061       80.693       0.01239      0.0          0.0          
10.07        79.427       0.01259      0.0          0.0          
10.08        80.159       0.01248      0.0          0.0          
10.089       79.007       0.01266      0.0          0.0          
10.098       78.85        0.01268      0.0          0.0          
10.107       78.967       0.01266      0.0          0.0          
10.116       78.89        0.01268      0.0          0.0          
10.125       77.669       0.01288      0.0          0.0          
10.135       78.663       0.01271      0.0          0.0          
10.144       81.017       0.01234      0.0          0.0          
10.153       82.64        0.0121       0.0          0.0          
10.162       86.838       0.01152      0.0          0.0          
10.171       93.63        0.01068      0.0          0.0          
10.181       106.078      0.00943      0.0          0.0          
10.19        127.02       0.00787      0.0          0.0          
10.199       164.665      0.00607      0.0          0.0          
10.208       200.257      0.00499      0.0          0.0          
10.217       225.831      0.00443      0.0          0.0          
10.226       223.0        0.00448      0.0          0.0          
10.236       197.108      0.00507      0.0          0.0          
10.245       161.61       0.00619      0.0          0.0          
10.254       129.573      0.00772      0.0          0.0          
10.263       108.21       0.00924      0.0          0.0          
10.272       94.542       0.01058      0.0          0.0          
10.282       88.358       0.01132      0.0          0.0          
10.291       84.306       0.01186      0.0          0.0          
10.3         81.088       0.01233      0.0          0.0          
10.309       79.279       0.01261      0.0          0.0          
10.318       77.008       0.01299      0.0          0.0          
10.327       77.443       0.01291      0.0          0.0          
10.337       77.126       0.01297      0.0          0.0          
10.346       78.299       0.01277      0.0          0.0          
10.355       77.744       0.01286      0.0          0.0          
10.364       78.781       0.01269      0.0          0.0          
10.373       76.652       0.01305      0.0          0.0          
10.382       77.848       0.01285      0.0          0.0          
10.392       76.925       0.013        0.0          0.0          
10.401       78.772       0.01269      0.0          0.0          
10.41        77.315       0.01293      0.0          0.0          
10.419       77.785       0.01286      0.0          0.0          
10.428       77.672       0.01287      0.0          0.0          
10.438       77.489       0.01291      0.0          0.0          
10.447       77.969       0.01283      0.0          0.0          
10.456       79.643       0.01256      0.0          0.0          
10.465       78.486       0.01274      0.0          0.0          
10.474       80.639       0.0124       0.0          0.0          
10.483       79.054       0.01265      0.0          0.0          
10.493       80.192       0.01247      0.0          0.0          
10.502       81.757       0.01223      0.0          0.0          
10.511       82.183       0.01217      0.0          0.0          
10.52        82.35        0.01214      0.0          0.0          
10.529       82.201       0.01217      0.0          0.0          
10.539       85.858       0.01165      0.0          0.0          
10.548       86.876       0.01151      0.0          0.0          
10.557       88.489       0.0113       0.0          0.0          
10.566       90.779       0.01102      0.0          0.0          
10.575       96.537       0.01036      0.0          0.0          
10.584       101.888      0.00981      0.0          0.0          
10.594       113.214      0.00883      0.0          0.0          
10.603       131.54       0.0076       0.0          0.0          
10.612       160.481      0.00623      0.0          0.0          
10.621       198.892      0.00503      0.0          0.0          
10.63        245.079      0.00408      0.0          0.0          
10.639       300.179      0.00333      0.0          0.0          
10.649       356.813      0.0028       0.0          0.0          
10.658       411.961      0.00243      0.0          0.0          
10.667       461.529      0.00217      0.0          0.0          
10.676       493.609      0.00203      0.0          0.0          
10.685       515.524      0.00194      0.0          0.0          
10.695       516.255      0.00194      0.0          0.0          
10.704       504.465      0.00198      0.0          0.0          
10.713       471.013      0.00212      0.0          0.0          
10.722       428.074      0.00234      0.0          0.0          
10.731       373.58       0.00268      0.0          0.0          
10.74        315.538      0.00317      0.0          0.0          
10.75        259.796      0.00385      0.0          0.0          
10.759       209.443      0.00477      0.0          0.0          
10.768       168.997      0.00592      0.0          0.0          
10.777       139.86       0.00715      0.0          0.0          
10.786       121.24       0.00825      0.0          0.0          
10.796       108.073      0.00925      0.0          0.0          
10.805       98.347       0.01017      0.0          0.0          
10.814       92.867       0.01077      0.0          0.0          
10.823       90.0         0.01111      0.0          0.0          
10.832       86.891       0.01151      0.0          0.0          
10.841       84.639       0.01181      0.0          0.0          
10.851       84.012       0.0119       0.0          0.0          
10.86        82.471       0.01213      0.0          0.0          
10.869       83.067       0.01204      0.0          0.0          
10.878       82.302       0.01215      0.0          0.0          
10.887       81.347       0.01229      0.0          0.0          
10.897       80.095       0.01249      0.0          0.0          
10.906       81.496       0.01227      0.0          0.0          
10.915       78.777       0.01269      0.0          0.0          
10.924       79.8         0.01253      0.0          0.0          
10.933       79.882       0.01252      0.0          0.0          
10.942       79.652       0.01255      0.0          0.0          
10.952       78.539       0.01273      0.0          0.0          
10.961       77.93        0.01283      0.0          0.0          
10.97        78.605       0.01272      0.0          0.0          
10.979       79.603       0.01256      0.0          0.0          
10.988       78.553       0.01273      0.0          0.0          
10.998       78.821       0.01269      0.0          0.0          
11.007       80.342       0.01245      0.0          0.0          
11.016       78.496       0.01274      0.0          0.0          
11.025       78.728       0.0127       0.0          0.0          
11.034       79.746       0.01254      0.0          0.0          
11.043       79.542       0.01257      0.0          0.0          
11.053       78.736       0.0127       0.0          0.0          
11.062       78.432       0.01275      0.0          0.0          
11.071       77.484       0.01291      0.0          0.0          
11.08        77.389       0.01292      0.0          0.0          
11.089       79.554       0.01257      0.0          0.0          
11.099       78.762       0.0127       0.0          0.0          
11.108       79.461       0.01258      0.0          0.0          
