x            y_obs        weight       y_calc       y_bkg        
1.959        60.072       0.01665      0.0          0.0          
1.968        59.933       0.01669      0.0          0.0          
1.977        61.586       0.01624      0.0          0.0          
1.986        59.911       0.01669      0.0          0.0          
1.995        62.806       0.01592      0.0          0.0          
2.005        65.248       0.01533      0.0          0.0          
2.014        68.257       0.01465      0.0          0.0          
2.023        65.349       0.0153       0.0          0.0          
2.032        60.111       0.01664      0.0          0.0          
2.041        60.174       0.01662      0.0          0.0          
2.05         58.883       0.01698      0.0          0.0          
2.059        59.447       0.01682      0.0          0.0          
2.069        57.736       0.01732      0.0          0.0          
2.078        56.06        0.01784      0.0          0.0          
2.087        59.412       0.01683      0.0          0.0          
2.096        61.422       0.01628      0.0          0.0          
2.105        56.804       0.0176       0.0          0.0          
2.114        59.926       0.01669      0.0          0.0          
2.123        58.159       0.01719      0.0          0.0          
2.133        58.8         0.01701      0.0          0.0          
2.142        58.693       0.01704      0.0          0.0          
2.151        58.169       0.01719      0.0          0.0          
2.16         58.751       0.01702      0.0          0.0          
2.169        57.668       0.01734      0.0          0.0          
2.178        59.244       0.01688      0.0          0.0          
2.187        61.609       0.01623      0.0          0.0          
2.197        61.353       0.0163       0.0          0.0          
2.206        59.299       0.01686      0.0          0.0          
2.215        61.0         0.01639      0.0          0.0          
2.224        56.95        0.01756      0.0          0.0          
2.233        60.446       0.01654      0.0          0.0          
2.242        59.943       0.01668      0.0          0.0          
2.251        59.305       0.01686      0.0          0.0          
2.261        57.974       0.01725      0.0          0.0          
2.27         58.675       0.01704      0.0          0.0          
2.279        61.36        0.0163       0.0          0.0          
2.288        57.755       0.01731      0.0          0.0          
2.297        58.976       0.01696      0.0          0.0          
2.306        58.175       0.01719      0.0          0.0          
2.315        60.043       0.01665      0.0          0.0          
2.325        56.669       0.01765      0.0          0.0          
2.334        59.003       0.01695      0.0          0.0          
2.343        57.906       0.01727      0.0          0.0          
2.352        58.03        0.01723      0.0          0.0          
2.361        57.835       0.01729      0.0          0.0          
2.37         58.178       0.01719      0.0          0.0          
2.379        55.74        0.01794      0.0          0.0          
2.389        59.196       0.01689      0.0          0.0          
2.398        55.923       0.01788      0.0          0.0          
2.407        59.548       0.01679      0.0          0.0          
2.416        56.517       0.01769      0.0          0.0          
2.425        56.362       0.01774      0.0          0.0          
2.434        58.766       0.01702      0.0          0.0          
2.443        57.111       0.01751      0.0          0.0          
2.453        58.507       0.01709      0.0          0.0          
2.462        57.254       0.01747      0.0          0.0          
2.471        60.37        0.01656      0.0          0.0          
2.48         61.551       0.01625      0.0          0.0          
2.489        58.897       0.01698      0.0          0.0          
2.498        58.97        0.01696      0.0          0.0          
2.507        57.709       0.01733      0.0          0.0          
2.517        59.621       0.01677      0.0          0.0          
2.526        56.103       0.01782      0.0          0.0          
2.535        58.351       0.01714      0.0          0.0          
2.544        59.378       0.01684      0.0          0.0          
2.553        58.297       0.01715      0.0          0.0          
2.562        60.63        0.01649      0.0          0.0          
2.571        61.801       0.01618      0.0          0.0          
2.581        59.641       0.01677      0.0          0.0          
2.59         59.928       0.01669      0.0          0.0          
2.599        58.499       0.01709      0.0          0.0          
2.608        60.554       0.01651      0.0          0.0          
2.617        57.301       0.01745      0.0          0.0          
2.626        58.126       0.0172       0.0          0.0          
2.635        59.448       0.01682      0.0          0.0          
2.645        58.109       0.01721      0.0          0.0          
2.654        57.904       0.01727      0.0          0.0          
2.663        58.42        0.01712      0.0          0.0          
2.672        61.732       0.0162       0.0          0.0          
2.681        55.781       0.01793      0.0          0.0          
2.69         55.89        0.01789      0.0          0.0          
2.699        57.648       0.01735      0.0          0.0          
2.709        59.27        0.01687      0.0          0.0          
2.718        58.697       0.01704      0.0          0.0          
2.727        56.975       0.01755      0.0          0.0          
2.736        61.424       0.01628      0.0          0.0          
2.745        61.557       0.01625      0.0          0.0          
2.754        57.456       0.0174       0.0          0.0          
2.763        61.411       0.01628      0.0          0.0          
2.773        56.81        0.0176       0.0          0.0          
2.782        59.557       0.01679      0.0          0.0          
2.791        58.151       0.0172       0.0          0.0          
2.8          57.419       0.01742      0.0          0.0          
2.809        59.759       0.01673      0.0          0.0          
2.818        60.701       0.01647      0.0          0.0          
2.827        59.559       0.01679      0.0          0.0          
2.837        57.136       0.0175       0.0          0.0          
2.846        60.661       0.01649      0.0          0.0          
2.855        60.645       0.01649      0.0          0.0          
2.864        57.604       0.01736      0.0          0.0          
2.873        60.277       0.01659      0.0          0.0          
2.882        59.516       0.0168       0.0          0.0          
2.891        63.894       0.01565      0.0          0.0          
2.901        57.995       0.01724      0.0          0.0          
2.91         56.899       0.01757      0.0          0.0          
2.919        60.503       0.01653      0.0          0.0          
2.928        59.111       0.01692      0.0          0.0          
2.937        59.032       0.01694      0.0          0.0          
2.946        57.719       0.01733      0.0          0.0          
2.955        63.045       0.01586      0.0          0.0          
2.965        62.488       0.016        0.0          0.0          
2.974        59.041       0.01694      0.0          0.0          
2.983        59.887       0.0167       0.0          0.0          
2.992        60.257       0.0166       0.0          0.0          
3.001        61.427       0.01628      0.0          0.0          
3.01         62.471       0.01601      0.0          0.0          
3.019        61.646       0.01622      0.0          0.0          
3.029        59.251       0.01688      0.0          0.0          
3.038        61.333       0.0163       0.0          0.0          
3.047        62.48        0.01601      0.0          0.0          
3.056        61.938       0.01615      0.0          0.0          
3.065        62.141       0.01609      0.0          0.0          
3.074        59.102       0.01692      0.0          0.0          
3.083        60.524       0.01652      0.0          0.0          
3.093        60.603       0.0165       0.0          0.0          
3.102        61.417       0.01628      0.0          0.0          
3.111        63.539       0.01574      0.0          0.0          
3.12         63.634       0.01571      0.0          0.0          
3.129        62.417       0.01602      0.0          0.0          
3.138        61.127       0.01636      0.0          0.0          
3.147        62.357       0.01604      0.0          0.0          
3.157        63.137       0.01584      0.0          0.0          
3.166        65.172       0.01534      0.0          0.0          
3.175        65.321       0.01531      0.0          0.0          
3.184        64.074       0.01561      0.0          0.0          
3.193        67.956       0.01472      0.0          0.0          
3.202        70.617       0.01416      0.0          0.0          
3.211        75.866       0.01318      0.0          0.0          
3.221        83.331       0.012        0.0          0.0          
3.23         79.05        0.01265      0.0          0.0          
3.239        70.125       0.01426      0.0          0.0          
3.248        66.847       0.01496      0.0          0.0          
3.257        62.592       0.01598      0.0          0.0          
3.266        62.418       0.01602      0.0          0.0          
3.275        63.924       0.01564      0.0          0.0          
3.285        62.607       0.01597      0.0          0.0          
3.294        63.387       0.01578      0.0          0.0          
3.303        62.709       0.01595      0.0          0.0          
3.312        61.47        0.01627      0.0          0.0          
3.321        66.537       0.01503      0.0          0.0          
3.33         63.333       0.01579      0.0          0.0          
3.339        63.927       0.01564      0.0          0.0          
3.349        65.14        0.01535      0.0          0.0          
3.358        62.431       0.01602      0.0          0.0          
3.367        66.487       0.01504      0.0          0.0          
3.376        62.778       0.01593      0.0          0.0          
3.385        64.063       0.01561      0.0          0.0          
3.394        62.04        0.01612      0.0          0.0          
3.403        67.012       0.01492      0.0          0.0          
3.413        64.005       0.01562      0.0          0.0          
3.422        64.518       0.0155       0.0          0.0          
3.431        65.938       0.01517      0.0          0.0          
3.44         63.148       0.01584      0.0          0.0          
3.449        66.93        0.01494      0.0          0.0          
3.458        64.551       0.01549      0.0          0.0          
3.468        68.652       0.01457      0.0          0.0          
3.477        66.323       0.01508      0.0          0.0          
3.486        68.035       0.0147       0.0          0.0          
3.495        67.217       0.01488      0.0          0.0          
3.504        66.392       0.01506      0.0          0.0          
3.513        68.81        0.01453      0.0          0.0          
3.522        66.032       0.01514      0.0          0.0          
3.532        67.212       0.01488      0.0          0.0          
3.541        68.678       0.01456      0.0          0.0          
3.55         68.531       0.01459      0.0          0.0          
3.559        68.695       0.01456      0.0          0.0          
3.568        68.34        0.01463      0.0          0.0          
3.577        68.329       0.01464      0.0          0.0          
3.586        70.367       0.01421      0.0          0.0          
3.596        69.496       0.01439      0.0          0.0          
3.605        69.44        0.0144       0.0          0.0          
3.614        71.457       0.01399      0.0          0.0          
3.623        69.866       0.01431      0.0          0.0          
3.632        71.405       0.014        0.0          0.0          
3.641        72.352       0.01382      0.0          0.0          
3.65         71.428       0.014        0.0          0.0          
3.66         69.289       0.01443      0.0          0.0          
3.669        71.748       0.01394      0.0          0.0          
3.678        71.073       0.01407      0.0          0.0          
3.687        77.145       0.01296      0.0          0.0          
3.696        82.02        0.01219      0.0          0.0          
3.705        87.14        0.01148      0.0          0.0          
3.714        96.012       0.01042      0.0          0.0          
3.724        96.696       0.01034      0.0          0.0          
3.733        90.792       0.01101      0.0          0.0          
3.742        85.876       0.01164      0.0          0.0          
3.751        82.074       0.01218      0.0          0.0          
3.76         82.811       0.01208      0.0          0.0          
3.769        86.222       0.0116       0.0          0.0          
3.778        85.443       0.0117       0.0          0.0          
3.788        87.137       0.01148      0.0          0.0          
3.797        86.413       0.01157      0.0          0.0          
3.806        87.932       0.01137      0.0          0.0          
3.815        89.44        0.01118      0.0          0.0          
3.824        94.059       0.01063      0.0          0.0          
3.833        96.669       0.01034      0.0          0.0          
3.842        99.575       0.01004      0.0          0.0          
3.852        105.124      0.00951      0.0          0.0          
3.861        106.763      0.00937      0.0          0.0          
3.87         116.182      0.00861      0.0          0.0          
3.879        124.641      0.00802      0.0          0.0          
3.888        138.337      0.00723      0.0          0.0          
3.897        157.124      0.00636      0.0          0.0          
3.906        193.095      0.00518      0.0          0.0          
3.916        269.281      0.00371      0.0          0.0          
3.925        475.056      0.00211      0.0          0.0          
3.934        1066.817     0.00094      0.0          0.0          
3.943        2133.744     0.00047      0.0          0.0          
3.952        2874.1       0.00035      0.0          0.0          
3.961        2562.413     0.00039      0.0          0.0          
3.971        1488.624     0.00067      0.0          0.0          
3.98         970.872      0.00103      0.0          0.0          
3.989        1279.407     0.00078      0.0          0.0          
3.998        2416.951     0.00041      0.0          0.0          
4.007        4611.631     0.00022      0.0          0.0          
4.016        7677.372     0.00013      0.0          0.0          
4.025        9858.53      0.0001       0.0          0.0          
4.035        10133.456    0.0001       0.0          0.0          
4.044        8337.603     0.00012      0.0          0.0          
4.053        5624.796     0.00018      0.0          0.0          
4.062        3243.81      0.00031      0.0          0.0          
4.071        1578.681     0.00063      0.0          0.0          
4.08         782.311      0.00128      0.0          0.0          
4.089        453.04       0.00221      0.0          0.0          
4.099        298.296      0.00335      0.0          0.0          
4.108        228.201      0.00438      0.0          0.0          
4.117        188.64       0.0053       0.0          0.0          
4.126        165.374      0.00605      0.0          0.0          
4.135        152.702      0.00655      0.0          0.0          
4.144        137.172      0.00729      0.0          0.0          
4.153        126.185      0.00792      0.0          0.0          
4.163        119.276      0.00838      0.0          0.0          
4.172        116.301      0.0086       0.0          0.0          
4.181        107.003      0.00935      0.0          0.0          
4.19         102.592      0.00975      0.0          0.0          
4.199        100.249      0.00998      0.0          0.0          
4.208        96.018       0.01041      0.0          0.0          
4.217        93.09        0.01074      0.0          0.0          
4.227        88.763       0.01127      0.0          0.0          
4.236        89.765       0.01114      0.0          0.0          
4.245        87.45        0.01144      0.0          0.0          
4.254        89.777       0.01114      0.0          0.0          
4.263        86.45        0.01157      0.0          0.0          
4.272        83.879       0.01192      0.0          0.0          
4.281        85.209       0.01174      0.0          0.0          
4.291        84.77        0.0118       0.0          0.0          
4.3          81.912       0.01221      0.0          0.0          
4.309        81.326       0.0123       0.0          0.0          
4.318        82.764       0.01208      0.0          0.0          
4.327        81.288       0.0123       0.0          0.0          
4.336        79.028       0.01265      0.0          0.0          
4.346        80.336       0.01245      0.0          0.0          
4.355        80.584       0.01241      0.0          0.0          
4.364        80.416       0.01244      0.0          0.0          
4.373        79.99        0.0125       0.0          0.0          
4.382        77.43        0.01291      0.0          0.0          
4.391        79.744       0.01254      0.0          0.0          
4.4          80.711       0.01239      0.0          0.0          
4.41         80.365       0.01244      0.0          0.0          
4.419        82.835       0.01207      0.0          0.0          
4.428        84.422       0.01185      0.0          0.0          
4.437        82.728       0.01209      0.0          0.0          
4.446        86.067       0.01162      0.0          0.0          
4.455        89.126       0.01122      0.0          0.0          
4.464        93.393       0.01071      0.0          0.0          
4.474        96.29        0.01039      0.0          0.0          
4.483        102.714      0.00974      0.0          0.0          
4.492        115.201      0.00868      0.0          0.0          
4.501        132.331      0.00756      0.0          0.0          
4.51         166.489      0.00601      0.0          0.0          
4.519        230.316      0.00434      0.0          0.0          
4.528        389.337      0.00257      0.0          0.0          
4.538        714.483      0.0014       0.0          0.0          
4.547        1240.202     0.00081      0.0          0.0          
4.556        1604.147     0.00062      0.0          0.0          
4.565        1674.529     0.0006       0.0          0.0          
4.574        1299.527     0.00077      0.0          0.0          
4.583        740.219      0.00135      0.0          0.0          
4.593        407.455      0.00245      0.0          0.0          
4.602        233.346      0.00429      0.0          0.0          
4.611        165.41       0.00605      0.0          0.0          
4.62         126.798      0.00789      0.0          0.0          
4.629        107.044      0.00934      0.0          0.0          
4.638        95.926       0.01042      0.0          0.0          
4.647        88.064       0.01136      0.0          0.0          
4.657        83.762       0.01194      0.0          0.0          
4.666        80.768       0.01238      0.0          0.0          
4.675        76.159       0.01313      0.0          0.0          
4.684        76.361       0.0131       0.0          0.0          
4.693        76.112       0.01314      0.0          0.0          
4.702        73.359       0.01363      0.0          0.0          
4.711        72.033       0.01388      0.0          0.0          
4.721        72.606       0.01377      0.0          0.0          
4.73         71.173       0.01405      0.0          0.0          
4.739        68.572       0.01458      0.0          0.0          
4.748        68.579       0.01458      0.0          0.0          
4.757        70.029       0.01428      0.0          0.0          
4.766        69.311       0.01443      0.0          0.0          
4.775        68.255       0.01465      0.0          0.0          
4.785        68.207       0.01466      0.0          0.0          
4.794        66.393       0.01506      0.0          0.0          
4.803        66.941       0.01494      0.0          0.0          
4.812        67.502       0.01481      0.0          0.0          
4.821        66.64        0.01501      0.0          0.0          
4.83         64.861       0.01542      0.0          0.0          
4.84         67.59        0.0148       0.0          0.0          
4.849        68.037       0.0147       0.0          0.0          
4.858        67.325       0.01485      0.0          0.0          
4.867        66.302       0.01508      0.0          0.0          
4.876        64.641       0.01547      0.0          0.0          
4.885        66.794       0.01497      0.0          0.0          
4.894        66.732       0.01499      0.0          0.0          
4.904        66.785       0.01497      0.0          0.0          
4.913        67.161       0.01489      0.0          0.0          
4.922        67.038       0.01492      0.0          0.0          
4.931        65.55        0.01526      0.0          0.0          
4.94         65.021       0.01538      0.0          0.0          
4.949        66.218       0.0151       0.0          0.0          
4.958        65.555       0.01525      0.0          0.0          
4.968        66.327       0.01508      0.0          0.0          
4.977        65.065       0.01537      0.0          0.0          
4.986        65.908       0.01517      0.0          0.0          
4.995        67.505       0.01481      0.0          0.0          
5.004        65.86        0.01518      0.0          0.0          
5.013        66.859       0.01496      0.0          0.0          
5.023        66.169       0.01511      0.0          0.0          
5.032        66.549       0.01503      0.0          0.0          
5.041        66.333       0.01508      0.0          0.0          
5.05         65.73        0.01521      0.0          0.0          
5.059        65.013       0.01538      0.0          0.0          
5.068        64.273       0.01556      0.0          0.0          
5.077        67.086       0.01491      0.0          0.0          
5.087        65.733       0.01521      0.0          0.0          
5.096        68.493       0.0146       0.0          0.0          
5.105        66.683       0.015        0.0          0.0          
5.114        65.883       0.01518      0.0          0.0          
5.123        65.68        0.01523      0.0          0.0          
5.132        66.782       0.01497      0.0          0.0          
5.141        66.097       0.01513      0.0          0.0          
5.151        67.505       0.01481      0.0          0.0          
5.16         65.651       0.01523      0.0          0.0          
5.169        64.421       0.01552      0.0          0.0          
5.178        64.216       0.01557      0.0          0.0          
5.187        66.599       0.01502      0.0          0.0          
5.196        67.001       0.01493      0.0          0.0          
5.206        67.344       0.01485      0.0          0.0          
5.215        67.817       0.01475      0.0          0.0          
5.224        69.042       0.01448      0.0          0.0          
5.233        67.713       0.01477      0.0          0.0          
5.242        69.032       0.01449      0.0          0.0          
5.251        71.99        0.01389      0.0          0.0          
5.26         69.77        0.01433      0.0          0.0          
5.27         70.904       0.0141       0.0          0.0          
5.279        69.596       0.01437      0.0          0.0          
5.288        71.08        0.01407      0.0          0.0          
5.297        67.569       0.0148       0.0          0.0          
5.306        66.727       0.01499      0.0          0.0          
5.315        68.226       0.01466      0.0          0.0          
5.324        66.646       0.015        0.0          0.0          
5.334        66.359       0.01507      0.0          0.0          
5.343        65.324       0.01531      0.0          0.0          
5.352        65.356       0.0153       0.0          0.0          
5.361        66.273       0.01509      0.0          0.0          
5.37         65.075       0.01537      0.0          0.0          
5.379        66.558       0.01502      0.0          0.0          
5.389        66.182       0.01511      0.0          0.0          
5.398        67.494       0.01482      0.0          0.0          
5.407        66.392       0.01506      0.0          0.0          
5.416        66.141       0.01512      0.0          0.0          
5.425        68.378       0.01462      0.0          0.0          
5.434        69.575       0.01437      0.0          0.0          
5.443        65.968       0.01516      0.0          0.0          
5.453        67.808       0.01475      0.0          0.0          
5.462        68.609       0.01458      0.0          0.0          
5.471        67.947       0.01472      0.0          0.0          
5.48         68.547       0.01459      0.0          0.0          
5.489        67.482       0.01482      0.0          0.0          
5.498        66.942       0.01494      0.0          0.0          
5.507        67.79        0.01475      0.0          0.0          
5.517        68.654       0.01457      0.0          0.0          
5.526        69.136       0.01446      0.0          0.0          
5.535        70.546       0.01418      0.0          0.0          
5.544        70.707       0.01414      0.0          0.0          
5.553        73.201       0.01366      0.0          0.0          
5.562        74.443       0.01343      0.0          0.0          
5.572        75.099       0.01332      0.0          0.0          
5.581        79.988       0.0125       0.0          0.0          
5.59         82.889       0.01206      0.0          0.0          
5.599        93.548       0.01069      0.0          0.0          
5.608        106.695      0.00937      0.0          0.0          
5.617        130.733      0.00765      0.0          0.0          
5.626        170.543      0.00586      0.0          0.0          
5.636        219.006      0.00457      0.0          0.0          
5.645        292.16       0.00342      0.0          0.0          
5.654        373.245      0.00268      0.0          0.0          
5.663        465.531      0.00215      0.0          0.0          
5.672        555.152      0.0018       0.0          0.0          
5.681        649.431      0.00154      0.0          0.0          
5.691        749.68       0.00133      0.0          0.0          
5.7          836.921      0.00119      0.0          0.0          
5.709        907.568      0.0011       0.0          0.0          
5.718        915.079      0.00109      0.0          0.0          
5.727        862.306      0.00116      0.0          0.0          
5.736        743.753      0.00134      0.0          0.0          
5.745        591.342      0.00169      0.0          0.0          
5.755        451.913      0.00221      0.0          0.0          
5.764        326.951      0.00306      0.0          0.0          
5.773        233.526      0.00428      0.0          0.0          
5.782        171.809      0.00582      0.0          0.0          
5.791        132.269      0.00756      0.0          0.0          
5.8          108.13       0.00925      0.0          0.0          
5.81         93.528       0.01069      0.0          0.0          
5.819        85.779       0.01166      0.0          0.0          
5.828        79.683       0.01255      0.0          0.0          
5.837        75.474       0.01325      0.0          0.0          
5.846        73.119       0.01368      0.0          0.0          
5.855        73.566       0.01359      0.0          0.0          
5.864        72.257       0.01384      0.0          0.0          
5.874        71.602       0.01397      0.0          0.0          
5.883        69.905       0.01431      0.0          0.0          
5.892        69.914       0.0143       0.0          0.0          
5.901        69.025       0.01449      0.0          0.0          
5.91         68.738       0.01455      0.0          0.0          
5.919        69.857       0.01432      0.0          0.0          
5.928        66.808       0.01497      0.0          0.0          
5.938        68.334       0.01463      0.0          0.0          
5.947        69.834       0.01432      0.0          0.0          
5.956        68.944       0.0145       0.0          0.0          
5.965        68.552       0.01459      0.0          0.0          
5.974        68.927       0.01451      0.0          0.0          
5.983        66.933       0.01494      0.0          0.0          
5.993        68.188       0.01467      0.0          0.0          
6.002        67.849       0.01474      0.0          0.0          
6.011        66.829       0.01496      0.0          0.0          
6.02         68.88        0.01452      0.0          0.0          
6.029        68.761       0.01454      0.0          0.0          
6.038        67.641       0.01478      0.0          0.0          
6.047        68.443       0.01461      0.0          0.0          
6.057        67.517       0.01481      0.0          0.0          
6.066        65.928       0.01517      0.0          0.0          
6.075        67.811       0.01475      0.0          0.0          
6.084        67.103       0.0149       0.0          0.0          
6.093        68.161       0.01467      0.0          0.0          
6.102        68.716       0.01455      0.0          0.0          
6.112        66.379       0.01506      0.0          0.0          
6.121        69.459       0.0144       0.0          0.0          
6.13         69.426       0.0144       0.0          0.0          
6.139        69.894       0.01431      0.0          0.0          
6.148        72.133       0.01386      0.0          0.0          
6.157        74.019       0.01351      0.0          0.0          
6.166        73.08        0.01368      0.0          0.0          
6.176        72.201       0.01385      0.0          0.0          
6.185        76.335       0.0131       0.0          0.0          
6.194        71.831       0.01392      0.0          0.0          
6.203        68.88        0.01452      0.0          0.0          
6.212        69.836       0.01432      0.0          0.0          
6.221        68.824       0.01453      0.0          0.0          
6.231        69.646       0.01436      0.0          0.0          
6.24         68.586       0.01458      0.0          0.0          
6.249        68.234       0.01466      0.0          0.0          
6.258        70.177       0.01425      0.0          0.0          
6.267        69.616       0.01436      0.0          0.0          
6.276        68.479       0.0146       0.0          0.0          
6.285        69.386       0.01441      0.0          0.0          
6.295        70.598       0.01416      0.0          0.0          
6.304        72.372       0.01382      0.0          0.0          
6.313        70.208       0.01424      0.0          0.0          
6.322        72.27        0.01384      0.0          0.0          
6.331        71.364       0.01401      0.0          0.0          
6.34         73.007       0.0137       0.0          0.0          
6.35         73.962       0.01352      0.0          0.0          
6.359        75.035       0.01333      0.0          0.0          
6.368        75.153       0.01331      0.0          0.0          
6.377        80.74        0.01239      0.0          0.0          
6.386        85.612       0.01168      0.0          0.0          
6.395        90.004       0.01111      0.0          0.0          
6.404        101.308      0.00987      0.0          0.0          
6.414        130.959      0.00764      0.0          0.0          
6.423        189.016      0.00529      0.0          0.0          
6.432        299.803      0.00334      0.0          0.0          
6.441        485.465      0.00206      0.0          0.0          
6.45         632.256      0.00158      0.0          0.0          
6.459        688.161      0.00145      0.0          0.0          
6.469        568.238      0.00176      0.0          0.0          
6.478        391.081      0.00256      0.0          0.0          
6.487        241.92       0.00413      0.0          0.0          
6.496        157.668      0.00634      0.0          0.0          
6.505        121.641      0.00822      0.0          0.0          
6.514        101.279      0.00987      0.0          0.0          
6.524        89.457       0.01118      0.0          0.0          
6.533        84.546       0.01183      0.0          0.0          
6.542        81.524       0.01227      0.0          0.0          
6.551        78.157       0.01279      0.0          0.0          
6.56         76.72        0.01303      0.0          0.0          
6.569        77.659       0.01288      0.0          0.0          
6.578        73.763       0.01356      0.0          0.0          
6.588        75.511       0.01324      0.0          0.0          
6.597        75.09        0.01332      0.0          0.0          
6.606        73.57        0.01359      0.0          0.0          
6.615        76.014       0.01316      0.0          0.0          
6.624        73.548       0.0136       0.0          0.0          
6.633        74.134       0.01349      0.0          0.0          
6.643        73.923       0.01353      0.0          0.0          
6.652        73.826       0.01355      0.0          0.0          
6.661        74.635       0.0134       0.0          0.0          
6.67         72.066       0.01388      0.0          0.0          
6.679        75.001       0.01333      0.0          0.0          
6.688        74.917       0.01335      0.0          0.0          
6.697        74.641       0.0134       0.0          0.0          
6.707        74.786       0.01337      0.0          0.0          
6.716        74.854       0.01336      0.0          0.0          
6.725        76.218       0.01312      0.0          0.0          
6.734        75.641       0.01322      0.0          0.0          
6.743        76.853       0.01301      0.0          0.0          
6.752        75.337       0.01327      0.0          0.0          
6.762        77.541       0.0129       0.0          0.0          
6.771        77.905       0.01284      0.0          0.0          
6.78         78.008       0.01282      0.0          0.0          
6.789        80.171       0.01247      0.0          0.0          
6.798        79.941       0.01251      0.0          0.0          
6.807        81.009       0.01234      0.0          0.0          
6.817        82.826       0.01207      0.0          0.0          
6.826        83.871       0.01192      0.0          0.0          
6.835        84.787       0.01179      0.0          0.0          
6.844        85.028       0.01176      0.0          0.0          
6.853        88.743       0.01127      0.0          0.0          
6.862        91.018       0.01099      0.0          0.0          
6.871        97.195       0.01029      0.0          0.0          
6.881        105.174      0.00951      0.0          0.0          
6.89         112.805      0.00886      0.0          0.0          
6.899        129.692      0.00771      0.0          0.0          
6.908        158.451      0.00631      0.0          0.0          
6.917        218.021      0.00459      0.0          0.0          
6.926        317.759      0.00315      0.0          0.0          
6.936        481.627      0.00208      0.0          0.0          
6.945        725.355      0.00138      0.0          0.0          
6.954        1032.237     0.00097      0.0          0.0          
6.963        1355.257     0.00074      0.0          0.0          
6.972        1629.05      0.00061      0.0          0.0          
6.981        1812.724     0.00055      0.0          0.0          
6.991        1879.31      0.00053      0.0          0.0          
7.0          1803.692     0.00055      0.0          0.0          
7.009        1567.342     0.00064      0.0          0.0          
7.018        1226.99      0.00082      0.0          0.0          
7.027        886.538      0.00113      0.0          0.0          
7.036        596.845      0.00168      0.0          0.0          
7.045        388.096      0.00258      0.0          0.0          
7.055        257.577      0.00388      0.0          0.0          
7.064        182.43       0.00548      0.0          0.0          
7.073        142.261      0.00703      0.0          0.0          
7.082        121.189      0.00825      0.0          0.0          
7.091        110.338      0.00906      0.0          0.0          
7.1          101.424      0.00986      0.0          0.0          
7.11         96.161       0.0104       0.0          0.0          
7.119        92.448       0.01082      0.0          0.0          
7.128        90.49        0.01105      0.0          0.0          
7.137        86.963       0.0115       0.0          0.0          
7.146        85.897       0.01164      0.0          0.0          
7.155        85.087       0.01175      0.0          0.0          
7.165        84.728       0.0118       0.0          0.0          
7.174        82.772       0.01208      0.0          0.0          
7.183        81.559       0.01226      0.0          0.0          
7.192        79.066       0.01265      0.0          0.0          
7.201        78.846       0.01268      0.0          0.0          
7.21         80.32        0.01245      0.0          0.0          
7.219        78.339       0.01277      0.0          0.0          
7.229        79.102       0.01264      0.0          0.0          
7.238        78.185       0.01279      0.0          0.0          
7.247        79.564       0.01257      0.0          0.0          
7.256        76.941       0.013        0.0          0.0          
7.265        78.814       0.01269      0.0          0.0          
7.274        76.81        0.01302      0.0          0.0          
7.284        77.263       0.01294      0.0          0.0          
7.293        77.37        0.01292      0.0          0.0          
7.302        78.103       0.0128       0.0          0.0          
7.311        75.706       0.01321      0.0          0.0          
7.32         76.546       0.01306      0.0          0.0          
7.329        75.909       0.01317      0.0          0.0          
7.339        79.229       0.01262      0.0          0.0          
7.348        76.398       0.01309      0.0          0.0          
7.357        77.076       0.01297      0.0          0.0          
7.366        75.771       0.0132       0.0          0.0          
7.375        76.422       0.01309      0.0          0.0          
7.384        74.811       0.01337      0.0          0.0          
7.394        77.153       0.01296      0.0          0.0          
7.403        77.747       0.01286      0.0          0.0          
7.412        77.22        0.01295      0.0          0.0          
7.421        78.517       0.01274      0.0          0.0          
7.43         79.212       0.01262      0.0          0.0          
7.439        81.365       0.01229      0.0          0.0          
7.448        83.666       0.01195      0.0          0.0          
7.458        83.786       0.01194      0.0          0.0          
7.467        85.031       0.01176      0.0          0.0          
7.476        90.164       0.01109      0.0          0.0          
7.485        92.905       0.01076      0.0          0.0          
7.494        102.192      0.00979      0.0          0.0          
7.503        111.465      0.00897      0.0          0.0          
7.513        129.232      0.00774      0.0          0.0          
7.522        169.735      0.00589      0.0          0.0          
7.531        245.601      0.00407      0.0          0.0          
7.54         388.288      0.00258      0.0          0.0          
7.549        659.837      0.00152      0.0          0.0          
7.558        1001.39      0.001        0.0          0.0          
7.568        1267.597     0.00079      0.0          0.0          
7.577        1211.866     0.00083      0.0          0.0          
7.586        958.591      0.00104      0.0          0.0          
7.595        656.829      0.00152      0.0          0.0          
7.604        403.08       0.00248      0.0          0.0          
7.613        256.509      0.0039       0.0          0.0          
7.623        175.18       0.00571      0.0          0.0          
7.632        136.233      0.00734      0.0          0.0          
7.641        114.546      0.00873      0.0          0.0          
7.65         99.11        0.01009      0.0          0.0          
7.659        92.298       0.01083      0.0          0.0          
7.668        87.546       0.01142      0.0          0.0          
7.677        84.484       0.01184      0.0          0.0          
7.687        81.1         0.01233      0.0          0.0          
7.696        81.375       0.01229      0.0          0.0          
7.705        81.244       0.01231      0.0          0.0          
7.714        78.762       0.0127       0.0          0.0          
7.723        78.127       0.0128       0.0          0.0          
7.732        77.131       0.01297      0.0          0.0          
7.742        77.48        0.01291      0.0          0.0          
7.751        77.04        0.01298      0.0          0.0          
7.76         78.491       0.01274      0.0          0.0          
7.769        76.332       0.0131       0.0          0.0          
7.778        76.903       0.013        0.0          0.0          
7.787        76.75        0.01303      0.0          0.0          
7.797        78.57        0.01273      0.0          0.0          
7.806        75.734       0.0132       0.0          0.0          
7.815        76.8         0.01302      0.0          0.0          
7.824        78.162       0.01279      0.0          0.0          
7.833        78.849       0.01268      0.0          0.0          
7.842        81.226       0.01231      0.0          0.0          
7.852        82.238       0.01216      0.0          0.0          
7.861        85.125       0.01175      0.0          0.0          
7.87         95.308       0.01049      0.0          0.0          
7.879        114.512      0.00873      0.0          0.0          
7.888        166.438      0.00601      0.0          0.0          
7.897        254.365      0.00393      0.0          0.0          
7.907        379.464      0.00264      0.0          0.0          
7.916        441.126      0.00227      0.0          0.0          
7.925        331.637      0.00302      0.0          0.0          
7.934        222.976      0.00448      0.0          0.0          
7.943        149.148      0.0067       0.0          0.0          
7.952        115.649      0.00865      0.0          0.0          
7.962        101.204      0.00988      0.0          0.0          
7.971        96.139       0.0104       0.0          0.0          
7.98         98.573       0.01014      0.0          0.0          
7.989        103.907      0.00962      0.0          0.0          
7.998        119.173      0.00839      0.0          0.0          
8.007        149.657      0.00668      0.0          0.0          
8.016        197.884      0.00505      0.0          0.0          
8.026        277.904      0.0036       0.0          0.0          
8.035        376.897      0.00265      0.0          0.0          
8.044        483.567      0.00207      0.0          0.0          
8.053        579.867      0.00172      0.0          0.0          
8.062        623.187      0.0016       0.0          0.0          
8.071        635.378      0.00157      0.0          0.0          
8.081        604.407      0.00165      0.0          0.0          
8.09         554.745      0.0018       0.0          0.0          
8.099        474.851      0.00211      0.0          0.0          
8.108        394.573      0.00253      0.0          0.0          
8.117        313.291      0.00319      0.0          0.0          
8.126        239.373      0.00418      0.0          0.0          
8.136        182.773      0.00547      0.0          0.0          
8.145        140.586      0.00711      0.0          0.0          
8.154        113.586      0.0088       0.0          0.0          
8.163        97.268       0.01028      0.0          0.0          
8.172        91.316       0.01095      0.0          0.0          
8.181        85.317       0.01172      0.0          0.0          
8.191        81.771       0.01223      0.0          0.0          
8.2          80.228       0.01246      0.0          0.0          
8.209        76.81        0.01302      0.0          0.0          
8.218        77.53        0.0129       0.0          0.0          
8.227        75.695       0.01321      0.0          0.0          
8.236        75.337       0.01327      0.0          0.0          
8.246        75.409       0.01326      0.0          0.0          
8.255        72.393       0.01381      0.0          0.0          
8.264        73.667       0.01357      0.0          0.0          
8.273        73.582       0.01359      0.0          0.0          
8.282        74.399       0.01344      0.0          0.0          
8.291        74.458       0.01343      0.0          0.0          
8.301        72.932       0.01371      0.0          0.0          
8.31         73.295       0.01364      0.0          0.0          
8.319        75.751       0.0132       0.0          0.0          
8.328        73.635       0.01358      0.0          0.0          
8.337        72.95        0.01371      0.0          0.0          
8.346        74.097       0.0135       0.0          0.0          
8.356        72.358       0.01382      0.0          0.0          
8.365        71.239       0.01404      0.0          0.0          
8.374        70.807       0.01412      0.0          0.0          
8.383        72.831       0.01373      0.0          0.0          
8.392        72.146       0.01386      0.0          0.0          
8.401        71.686       0.01395      0.0          0.0          
8.411        71.8         0.01393      0.0          0.0          
8.42         71.52        0.01398      0.0          0.0          
8.429        69.441       0.0144       0.0          0.0          
8.438        70.303       0.01422      0.0          0.0          
8.447        70.757       0.01413      0.0          0.0          
8.456        69.545       0.01438      0.0          0.0          
8.466        70.719       0.01414      0.0          0.0          
8.475        71.986       0.01389      0.0          0.0          
8.484        69.205       0.01445      0.0          0.0          
8.493        71.192       0.01405      0.0          0.0          
8.502        69.9         0.01431      0.0          0.0          
8.511        70.346       0.01422      0.0          0.0          
8.521        70.16        0.01425      0.0          0.0          
8.53         71.494       0.01399      0.0          0.0          
8.539        69.396       0.01441      0.0          0.0          
8.548        70.337       0.01422      0.0          0.0          
8.557        70.532       0.01418      0.0          0.0          
8.566        72.07        0.01388      0.0          0.0          
8.576        69.65        0.01436      0.0          0.0          
8.585        71.364       0.01401      0.0          0.0          
8.594        72.051       0.01388      0.0          0.0          
8.603        69.898       0.01431      0.0          0.0          
8.612        71.242       0.01404      0.0          0.0          
8.621        70.782       0.01413      0.0          0.0          
8.631        70.854       0.01411      0.0          0.0          
8.64         71.102       0.01406      0.0          0.0          
8.649        72.058       0.01388      0.0          0.0          
8.658        70.476       0.01419      0.0          0.0          
8.667        70.743       0.01414      0.0          0.0          
8.676        71.206       0.01404      0.0          0.0          
8.686        71.13        0.01406      0.0          0.0          
8.695        72.498       0.01379      0.0          0.0          
8.704        71.135       0.01406      0.0          0.0          
8.713        70.887       0.01411      0.0          0.0          
8.722        71.495       0.01399      0.0          0.0          
8.731        71.037       0.01408      0.0          0.0          
8.741        70.117       0.01426      0.0          0.0          
8.75         71.498       0.01399      0.0          0.0          
8.759        72.067       0.01388      0.0          0.0          
8.768        71.426       0.014        0.0          0.0          
8.777        73.074       0.01368      0.0          0.0          
8.786        74.272       0.01346      0.0          0.0          
8.796        71.957       0.0139       0.0          0.0          
8.805        72.679       0.01376      0.0          0.0          
8.814        72.767       0.01374      0.0          0.0          
8.823        73.888       0.01353      0.0          0.0          
8.832        75.333       0.01327      0.0          0.0          
8.841        74.621       0.0134       0.0          0.0          
8.851        77.394       0.01292      0.0          0.0          
8.86         77.031       0.01298      0.0          0.0          
8.869        78.221       0.01278      0.0          0.0          
8.878        79.069       0.01265      0.0          0.0          
8.887        84.345       0.01186      0.0          0.0          
8.896        86.838       0.01152      0.0          0.0          
8.906        93.28        0.01072      0.0          0.0          
8.915        102.398      0.00977      0.0          0.0          
8.924        115.337      0.00867      0.0          0.0          
8.933        133.437      0.00749      0.0          0.0          
8.942        158.013      0.00633      0.0          0.0          
8.951        188.66       0.0053       0.0          0.0          
8.961        219.408      0.00456      0.0          0.0          
8.97         254.436      0.00393      0.0          0.0          
8.979        292.565      0.00342      0.0          0.0          
8.988        327.984      0.00305      0.0          0.0          
8.997        364.0        0.00275      0.0          0.0          
9.006        393.783      0.00254      0.0          0.0          
9.016        423.127      0.00236      0.0          0.0          
9.025        442.386      0.00226      0.0          0.0          
9.034        458.329      0.00218      0.0          0.0          
9.043        455.982      0.00219      0.0          0.0          
9.052        445.935      0.00224      0.0          0.0          
9.061        417.993      0.00239      0.0          0.0          
9.071        380.463      0.00263      0.0          0.0          
9.08         342.582      0.00292      0.0          0.0          
9.089        300.152      0.00333      0.0          0.0          
9.098        260.96       0.00383      0.0          0.0          
9.107        228.874      0.00437      0.0          0.0          
9.116        211.748      0.00472      0.0          0.0          
9.126        200.704      0.00498      0.0          0.0          
9.135        192.016      0.00521      0.0          0.0          
9.144        177.107      0.00565      0.0          0.0          
9.153        155.21       0.00644      0.0          0.0          
9.162        135.008      0.00741      0.0          0.0          
9.171        113.43       0.00882      0.0          0.0          
9.181        100.937      0.00991      0.0          0.0          
9.19         93.034       0.01075      0.0          0.0          
9.199        85.771       0.01166      0.0          0.0          
9.208        81.159       0.01232      0.0          0.0          
9.217        79.1         0.01264      0.0          0.0          
9.226        77.768       0.01286      0.0          0.0          
9.236        75.337       0.01327      0.0          0.0          
9.245        73.52        0.0136       0.0          0.0          
9.254        75.383       0.01327      0.0          0.0          
9.263        73.453       0.01361      0.0          0.0          
9.272        76.314       0.0131       0.0          0.0          
9.282        73.357       0.01363      0.0          0.0          
9.291        73.772       0.01356      0.0          0.0          
9.3          73.069       0.01369      0.0          0.0          
9.309        71.869       0.01391      0.0          0.0          
9.318        72.203       0.01385      0.0          0.0          
9.327        73.922       0.01353      0.0          0.0          
9.337        71.763       0.01393      0.0          0.0          
9.346        73.078       0.01368      0.0          0.0          
9.355        71.698       0.01395      0.0          0.0          
9.364        71.925       0.0139       0.0          0.0          
9.373        71.536       0.01398      0.0          0.0          
9.382        72.798       0.01374      0.0          0.0          
9.392        71.499       0.01399      0.0          0.0          
9.401        70.624       0.01416      0.0          0.0          
9.41         72.087       0.01387      0.0          0.0          
9.419        71.453       0.014        0.0          0.0          
9.428        71.746       0.01394      0.0          0.0          
9.437        72.389       0.01381      0.0          0.0          
9.447        70.786       0.01413      0.0          0.0          
9.456        70.336       0.01422      0.0          0.0          
9.465        71.565       0.01397      0.0          0.0          
9.474        72.169       0.01386      0.0          0.0          
9.483        70.858       0.01411      0.0          0.0          
9.492        70.479       0.01419      0.0          0.0          
9.502        72.383       0.01382      0.0          0.0          
9.511        71.387       0.01401      0.0          0.0          
9.52         70.47        0.01419      0.0          0.0          
9.529        72.292       0.01383      0.0          0.0          
9.538        71.045       0.01408      0.0          0.0          
9.547        73.446       0.01362      0.0          0.0          
9.557        71.072       0.01407      0.0          0.0          
9.566        71.371       0.01401      0.0          0.0          
9.575        71.656       0.01396      0.0          0.0          
9.584        72.654       0.01376      0.0          0.0          
9.593        70.678       0.01415      0.0          0.0          
9.603        71.694       0.01395      0.0          0.0          
9.612        71.405       0.014        0.0          0.0          
9.621        71.284       0.01403      0.0          0.0          
9.63         71.083       0.01407      0.0          0.0          
9.639        72.917       0.01371      0.0          0.0          
9.648        72.747       0.01375      0.0          0.0          
9.658        72.964       0.01371      0.0          0.0          
9.667        72.049       0.01388      0.0          0.0          
9.676        74.605       0.0134       0.0          0.0          
9.685        72.888       0.01372      0.0          0.0          
9.694        73.907       0.01353      0.0          0.0          
9.703        72.34        0.01382      0.0          0.0          
9.713        73.253       0.01365      0.0          0.0          
9.722        73.919       0.01353      0.0          0.0          
9.731        74.232       0.01347      0.0          0.0          
9.74         73.248       0.01365      0.0          0.0          
9.749        74.537       0.01342      0.0          0.0          
9.758        74.093       0.0135       0.0          0.0          
9.768        74.131       0.01349      0.0          0.0          
9.777        78.151       0.0128       0.0          0.0          
9.786        74.639       0.0134       0.0          0.0          
9.795        76.957       0.01299      0.0          0.0          
9.804        76.668       0.01304      0.0          0.0          
9.814        81.491       0.01227      0.0          0.0          
9.823        84.581       0.01182      0.0          0.0          
9.832        92.178       0.01085      0.0          0.0          
9.841        102.042      0.0098       0.0          0.0          
9.85         121.746      0.00821      0.0          0.0          
9.859        143.233      0.00698      0.0          0.0          
9.869        170.415      0.00587      0.0          0.0          
9.878        202.683      0.00493      0.0          0.0          
9.887        227.891      0.00439      0.0          0.0          
9.896        238.078      0.0042       0.0          0.0          
9.905        226.307      0.00442      0.0          0.0          
9.914        209.269      0.00478      0.0          0.0          
9.924        205.462      0.00487      0.0          0.0          
9.933        234.75       0.00426      0.0          0.0          
9.942        298.388      0.00335      0.0          0.0          
9.951        361.002      0.00277      0.0          0.0          
9.96         382.594      0.00261      0.0          0.0          
9.97         348.589      0.00287      0.0          0.0          
9.979        275.234      0.00363      0.0          0.0          
9.988        203.162      0.00492      0.0          0.0          
9.997        153.543      0.00651      0.0          0.0          
10.006       120.381      0.00831      0.0          0.0          
10.015       103.823      0.00963      0.0          0.0          
10.025       93.001       0.01075      0.0          0.0          
10.034       88.604       0.01129      0.0          0.0          
10.043       84.175       0.01188      0.0          0.0          
10.052       82.457       0.01213      0.0          0.0          
10.061       82.303       0.01215      0.0          0.0          
10.07        80.064       0.01249      0.0          0.0          
10.08        80.865       0.01237      0.0          0.0          
10.089       80.172       0.01247      0.0          0.0          
10.098       79.744       0.01254      0.0          0.0          
10.107       79.753       0.01254      0.0          0.0          
10.116       79.85        0.01252      0.0          0.0          
10.125       79.914       0.01251      0.0          0.0          
10.135       82.838       0.01207      0.0          0.0          
10.144       83.149       0.01203      0.0          0.0          
10.153       88.885       0.01125      0.0          0.0          
10.162       92.716       0.01079      0.0          0.0          
10.171       107.54       0.0093       0.0          0.0          
10.181       128.931      0.00776      0.0          0.0          
10.19        165.002      0.00606      0.0          0.0          
10.199       216.625      0.00462      0.0          0.0          
10.208       264.709      0.00378      0.0          0.0          
10.217       300.563      0.00333      0.0          0.0          
10.226       286.028      0.0035       0.0          0.0          
10.236       255.504      0.00391      0.0          0.0          
10.245       204.082      0.0049       0.0          0.0          
10.254       164.274      0.00609      0.0          0.0          
10.263       130.987      0.00763      0.0          0.0          
10.272       110.062      0.00909      0.0          0.0          
10.282       98.466       0.01016      0.0          0.0          
10.291       88.627       0.01128      0.0          0.0          
10.3         84.138       0.01189      0.0          0.0          
10.309       82.377       0.01214      0.0          0.0          
10.318       80.211       0.01247      0.0          0.0          
10.327       78.956       0.01267      0.0          0.0          
10.337       78.422       0.01275      0.0          0.0          
10.346       78.394       0.01276      0.0          0.0          
10.355       78.001       0.01282      0.0          0.0          
10.364       77.186       0.01296      0.0          0.0          
10.373       76.432       0.01308      0.0          0.0          
10.382       77.41        0.01292      0.0          0.0          
10.392       77.303       0.01294      0.0          0.0          
10.401       77.282       0.01294      0.0          0.0          
10.41        77.261       0.01294      0.0          0.0          
10.419       79.123       0.01264      0.0          0.0          
10.428       77.315       0.01293      0.0          0.0          
10.438       78.802       0.01269      0.0          0.0          
10.447       79.11        0.01264      0.0          0.0          
10.456       78.139       0.0128       0.0          0.0          
10.465       78.6         0.01272      0.0          0.0          
10.474       79.629       0.01256      0.0          0.0          
10.483       79.879       0.01252      0.0          0.0          
10.493       79.918       0.01251      0.0          0.0          
10.502       81.328       0.0123       0.0          0.0          
10.511       81.269       0.0123       0.0          0.0          
10.52        81.752       0.01223      0.0          0.0          
10.529       83.163       0.01202      0.0          0.0          
10.539       84.212       0.01187      0.0          0.0          
10.548       86.443       0.01157      0.0          0.0          
10.557       87.183       0.01147      0.0          0.0          
10.566       92.952       0.01076      0.0          0.0          
10.575       98.234       0.01018      0.0          0.0          
10.584       105.841      0.00945      0.0          0.0          
10.594       118.589      0.00843      0.0          0.0          
10.603       142.136      0.00704      0.0          0.0          
10.612       172.138      0.00581      0.0          0.0          
10.621       214.064      0.00467      0.0          0.0          
10.63        262.253      0.00381      0.0          0.0          
10.639       318.35       0.00314      0.0          0.0          
10.649       377.267      0.00265      0.0          0.0          
10.658       432.482      0.00231      0.0          0.0          
10.667       476.839      0.0021       0.0          0.0          
10.676       505.251      0.00198      0.0          0.0          
10.685       519.951      0.00192      0.0          0.0          
10.695       517.116      0.00193      0.0          0.0          
10.704       497.496      0.00201      0.0          0.0          
10.713       463.123      0.00216      0.0          0.0          
10.722       415.125      0.00241      0.0          0.0          
10.731       360.293      0.00278      0.0          0.0          
10.74        298.343      0.00335      0.0          0.0          
10.75        243.15       0.00411      0.0          0.0          
10.759       196.87       0.00508      0.0          0.0          
10.768       158.811      0.0063       0.0          0.0          
10.777       131.064      0.00763      0.0          0.0          
10.786       114.487      0.00873      0.0          0.0          
10.796       104.002      0.00962      0.0          0.0          
10.805       96.761       0.01033      0.0          0.0          
10.814       90.403       0.01106      0.0          0.0          
10.823       88.578       0.01129      0.0          0.0          
10.832       84.829       0.01179      0.0          0.0          
10.841       83.827       0.01193      0.0          0.0          
10.851       83.095       0.01203      0.0          0.0          
10.86        81.947       0.0122       0.0          0.0          
10.869       80.502       0.01242      0.0          0.0          
10.878       81.912       0.01221      0.0          0.0          
10.887       79.339       0.0126       0.0          0.0          
10.897       77.684       0.01287      0.0          0.0          
10.906       78.938       0.01267      0.0          0.0          
10.915       77.904       0.01284      0.0          0.0          
10.924       77.923       0.01283      0.0          0.0          
10.933       79.706       0.01255      0.0          0.0          
10.942       78.795       0.01269      0.0          0.0          
10.952       77.865       0.01284      0.0          0.0          
10.961       79.16        0.01263      0.0          0.0          
10.97        76.931       0.013        0.0          0.0          
10.979       77.499       0.0129       0.0          0.0          
10.988       76.709       0.01304      0.0          0.0          
10.998       79.215       0.01262      0.0          0.0          
11.007       77.498       0.0129       0.0          0.0          
11.016       76.778       0.01302      0.0          0.0          
11.025       76.381       0.01309      0.0          0.0          
11.034       78.36        0.01276      0.0          0.0          
11.043       76.407       0.01309      0.0          0.0          
11.053       78.731       0.0127       0.0          0.0          
11.062       77.102       0.01297      0.0          0.0          
11.071       77.364       0.01293      0.0          0.0          
11.08        75.847       0.01318      0.0          0.0          
11.089       77.252       0.01294      0.0          0.0          
11.099       79.749       0.01254      0.0          0.0          
11.108       77.643       0.01288      0.0          0.0          
