x            y_obs        weight       y_calc       y_bkg        
1.959        58.236       0.01717      0.0          0.0          
1.968        63.488       0.01575      0.0          0.0          
1.977        61.539       0.01625      0.0          0.0          
1.986        62.234       0.01607      0.0          0.0          
1.995        56.784       0.01761      0.0          0.0          
2.005        69.51        0.01439      0.0          0.0          
2.014        69.268       0.01444      0.0          0.0          
2.023        63.992       0.01563      0.0          0.0          
2.032        60.468       0.01654      0.0          0.0          
2.041        57.062       0.01752      0.0          0.0          
2.05         58.305       0.01715      0.0          0.0          
2.059        56.741       0.01762      0.0          0.0          
2.069        58.387       0.01713      0.0          0.0          
2.078        54.266       0.01843      0.0          0.0          
2.087        59.348       0.01685      0.0          0.0          
2.096        54.932       0.0182       0.0          0.0          
2.105        58.08        0.01722      0.0          0.0          
2.114        60.241       0.0166       0.0          0.0          
2.123        57.558       0.01737      0.0          0.0          
2.133        60.116       0.01663      0.0          0.0          
2.142        56.628       0.01766      0.0          0.0          
2.151        53.874       0.01856      0.0          0.0          
2.16         56.006       0.01786      0.0          0.0          
2.169        56.963       0.01756      0.0          0.0          
2.178        56.106       0.01782      0.0          0.0          
2.187        59.443       0.01682      0.0          0.0          
2.197        54.975       0.01819      0.0          0.0          
2.206        59.184       0.0169       0.0          0.0          
2.215        61.35        0.0163       0.0          0.0          
2.224        54.632       0.0183       0.0          0.0          
2.233        61.762       0.01619      0.0          0.0          
2.242        58.258       0.01717      0.0          0.0          
2.251        55.795       0.01792      0.0          0.0          
2.261        57.77        0.01731      0.0          0.0          
2.27         55.641       0.01797      0.0          0.0          
2.279        61.19        0.01634      0.0          0.0          
2.288        57.262       0.01746      0.0          0.0          
2.297        60.651       0.01649      0.0          0.0          
2.306        57.148       0.0175       0.0          0.0          
2.315        56.758       0.01762      0.0          0.0          
2.325        55.742       0.01794      0.0          0.0          
2.334        57.027       0.01754      0.0          0.0          
2.343        58.197       0.01718      0.0          0.0          
2.352        56.04        0.01784      0.0          0.0          
2.361        54.579       0.01832      0.0          0.0          
2.37         59.975       0.01667      0.0          0.0          
2.379        57.616       0.01736      0.0          0.0          
2.389        59.159       0.0169       0.0          0.0          
2.398        57.067       0.01752      0.0          0.0          
2.407        58.705       0.01703      0.0          0.0          
2.416        57.525       0.01738      0.0          0.0          
2.425        55.694       0.01796      0.0          0.0          
2.434        60.114       0.01664      0.0          0.0          
2.443        60.714       0.01647      0.0          0.0          
2.453        56.174       0.0178       0.0          0.0          
2.462        57.312       0.01745      0.0          0.0          
2.471        57.906       0.01727      0.0          0.0          
2.48         55.275       0.01809      0.0          0.0          
2.489        57.994       0.01724      0.0          0.0          
2.498        58.03        0.01723      0.0          0.0          
2.507        60.224       0.0166       0.0          0.0          
2.517        57.025       0.01754      0.0          0.0          
2.526        56.064       0.01784      0.0          0.0          
2.535        58.932       0.01697      0.0          0.0          
2.544        57.963       0.01725      0.0          0.0          
2.553        59.382       0.01684      0.0          0.0          
2.562        59.271       0.01687      0.0          0.0          
2.571        60.047       0.01665      0.0          0.0          
2.581        60.091       0.01664      0.0          0.0          
2.59         60.548       0.01652      0.0          0.0          
2.599        58.329       0.01714      0.0          0.0          
2.608        61.259       0.01632      0.0          0.0          
2.617        57.075       0.01752      0.0          0.0          
2.626        58.621       0.01706      0.0          0.0          
2.635        57.137       0.0175       0.0          0.0          
2.645        57.302       0.01745      0.0          0.0          
2.654        59.976       0.01667      0.0          0.0          
2.663        56.514       0.01769      0.0          0.0          
2.672        59.038       0.01694      0.0          0.0          
2.681        58.755       0.01702      0.0          0.0          
2.69         59.121       0.01691      0.0          0.0          
2.699        57.316       0.01745      0.0          0.0          
2.709        60.859       0.01643      0.0          0.0          
2.718        61.624       0.01623      0.0          0.0          
2.727        57.878       0.01728      0.0          0.0          
2.736        57.176       0.01749      0.0          0.0          
2.745        58.563       0.01708      0.0          0.0          
2.754        58.758       0.01702      0.0          0.0          
2.763        60.709       0.01647      0.0          0.0          
2.773        58.156       0.0172       0.0          0.0          
2.782        57.035       0.01753      0.0          0.0          
2.791        55.747       0.01794      0.0          0.0          
2.8          61.36        0.0163       0.0          0.0          
2.809        57.732       0.01732      0.0          0.0          
2.818        59.365       0.01684      0.0          0.0          
2.827        62.095       0.0161       0.0          0.0          
2.837        62.111       0.0161       0.0          0.0          
2.846        64.664       0.01546      0.0          0.0          
2.855        60.761       0.01646      0.0          0.0          
2.864        58.886       0.01698      0.0          0.0          
2.873        60.412       0.01655      0.0          0.0          
2.882        60.514       0.01653      0.0          0.0          
2.891        60.748       0.01646      0.0          0.0          
2.901        61.027       0.01639      0.0          0.0          
2.91         59.249       0.01688      0.0          0.0          
2.919        57.071       0.01752      0.0          0.0          
2.928        59.303       0.01686      0.0          0.0          
2.937        58.065       0.01722      0.0          0.0          
2.946        60.187       0.01661      0.0          0.0          
2.955        62.184       0.01608      0.0          0.0          
2.965        60.23        0.0166       0.0          0.0          
2.974        62.266       0.01606      0.0          0.0          
2.983        61.234       0.01633      0.0          0.0          
2.992        62.706       0.01595      0.0          0.0          
3.001        59.735       0.01674      0.0          0.0          
3.01         61.29        0.01632      0.0          0.0          
3.019        60.576       0.01651      0.0          0.0          
3.029        61.666       0.01622      0.0          0.0          
3.038        61.254       0.01633      0.0          0.0          
3.047        59.857       0.01671      0.0          0.0          
3.056        59.205       0.01689      0.0          0.0          
3.065        60.351       0.01657      0.0          0.0          
3.074        61.359       0.0163       0.0          0.0          
3.083        61.151       0.01635      0.0          0.0          
3.093        61.292       0.01632      0.0          0.0          
3.102        55.626       0.01798      0.0          0.0          
3.111        60.146       0.01663      0.0          0.0          
3.12         59.885       0.0167       0.0          0.0          
3.129        64.265       0.01556      0.0          0.0          
3.138        62.105       0.0161       0.0          0.0          
3.147        60.412       0.01655      0.0          0.0          
3.157        63.042       0.01586      0.0          0.0          
3.166        62.851       0.01591      0.0          0.0          
3.175        64.27        0.01556      0.0          0.0          
3.184        65.647       0.01523      0.0          0.0          
3.193        68.314       0.01464      0.0          0.0          
3.202        73.079       0.01368      0.0          0.0          
3.211        77.88        0.01284      0.0          0.0          
3.221        79.639       0.01256      0.0          0.0          
3.23         79.147       0.01263      0.0          0.0          
3.239        73.031       0.01369      0.0          0.0          
3.248        67.521       0.01481      0.0          0.0          
3.257        66.458       0.01505      0.0          0.0          
3.266        63.891       0.01565      0.0          0.0          
3.275        65.805       0.0152       0.0          0.0          
3.285        64.156       0.01559      0.0          0.0          
3.294        58.774       0.01701      0.0          0.0          
3.303        62.978       0.01588      0.0          0.0          
3.312        65.288       0.01532      0.0          0.0          
3.321        64.958       0.01539      0.0          0.0          
3.33         65.604       0.01524      0.0          0.0          
3.339        64.873       0.01541      0.0          0.0          
3.349        63.87        0.01566      0.0          0.0          
3.358        61.864       0.01616      0.0          0.0          
3.367        67.251       0.01487      0.0          0.0          
3.376        64.395       0.01553      0.0          0.0          
3.385        66.079       0.01513      0.0          0.0          
3.394        69.82        0.01432      0.0          0.0          
3.403        67.385       0.01484      0.0          0.0          
3.413        66.019       0.01515      0.0          0.0          
3.422        63.002       0.01587      0.0          0.0          
3.431        67.673       0.01478      0.0          0.0          
3.44         66.359       0.01507      0.0          0.0          
3.449        67.37        0.01484      0.0          0.0          
3.458        69.509       0.01439      0.0          0.0          
3.468        68.37        0.01463      0.0          0.0          
3.477        70.321       0.01422      0.0          0.0          
3.486        69.179       0.01446      0.0          0.0          
3.495        68.478       0.0146       0.0          0.0          
3.504        71.131       0.01406      0.0          0.0          
3.513        68.285       0.01464      0.0          0.0          
3.522        68.224       0.01466      0.0          0.0          
3.532        68.327       0.01464      0.0          0.0          
3.541        70.297       0.01423      0.0          0.0          
3.55         69.443       0.0144       0.0          0.0          
3.559        68.145       0.01467      0.0          0.0          
3.568        70.921       0.0141       0.0          0.0          
3.577        69.995       0.01429      0.0          0.0          
3.586        70.869       0.01411      0.0          0.0          
3.596        70.917       0.0141       0.0          0.0          
3.605        70.855       0.01411      0.0          0.0          
3.614        70.889       0.01411      0.0          0.0          
3.623        71.759       0.01394      0.0          0.0          
3.632        71.072       0.01407      0.0          0.0          
3.641        71.78        0.01393      0.0          0.0          
3.65         72.089       0.01387      0.0          0.0          
3.66         74.339       0.01345      0.0          0.0          
3.669        75.201       0.0133       0.0          0.0          
3.678        76.206       0.01312      0.0          0.0          
3.687        78.89        0.01268      0.0          0.0          
3.696        82.329       0.01215      0.0          0.0          
3.705        94.575       0.01057      0.0          0.0          
3.714        101.304      0.00987      0.0          0.0          
3.724        102.07       0.0098       0.0          0.0          
3.733        97.623       0.01024      0.0          0.0          
3.742        90.027       0.01111      0.0          0.0          
3.751        86.745       0.01153      0.0          0.0          
3.76         86.865       0.01151      0.0          0.0          
3.769        87.218       0.01147      0.0          0.0          
3.778        87.459       0.01143      0.0          0.0          
3.788        90.603       0.01104      0.0          0.0          
3.797        91.986       0.01087      0.0          0.0          
3.806        93.76        0.01067      0.0          0.0          
3.815        99.313       0.01007      0.0          0.0          
3.824        99.892       0.01001      0.0          0.0          
3.833        104.02       0.00961      0.0          0.0          
3.842        105.786      0.00945      0.0          0.0          
3.852        110.409      0.00906      0.0          0.0          
3.861        120.084      0.00833      0.0          0.0          
3.87         128.218      0.0078       0.0          0.0          
3.879        142.997      0.00699      0.0          0.0          
3.888        156.704      0.00638      0.0          0.0          
3.897        178.526      0.0056       0.0          0.0          
3.906        227.712      0.00439      0.0          0.0          
3.916        331.817      0.00301      0.0          0.0          
3.925        611.532      0.00164      0.0          0.0          
3.934        1337.99      0.00075      0.0          0.0          
3.943        2186.591     0.00046      0.0          0.0          
3.952        3447.935     0.00029      0.0          0.0          
3.961        2998.237     0.00033      0.0          0.0          
3.971        1507.394     0.00066      0.0          0.0          
3.98         1070.255     0.00093      0.0          0.0          
3.989        1457.805     0.00069      0.0          0.0          
3.998        2836.424     0.00035      0.0          0.0          
4.007        5465.019     0.00018      0.0          0.0          
4.016        8811.165     0.00011      0.0          0.0          
4.025        10782.234    0.00009      0.0          0.0          
4.035        10397.297    0.0001       0.0          0.0          
4.044        8337.235     0.00012      0.0          0.0          
4.053        5553.507     0.00018      0.0          0.0          
4.062        3076.242     0.00033      0.0          0.0          
4.071        1549.58      0.00065      0.0          0.0          
4.08         778.576      0.00128      0.0          0.0          
4.089        457.247      0.00219      0.0          0.0          
4.099        307.746      0.00325      0.0          0.0          
4.108        237.436      0.00421      0.0          0.0          
4.117        196.552      0.00509      0.0          0.0          
4.126        172.108      0.00581      0.0          0.0          
4.135        154.256      0.00648      0.0          0.0          
4.144        140.783      0.0071       0.0          0.0          
4.153        130.476      0.00766      0.0          0.0          
4.163        121.863      0.00821      0.0          0.0          
4.172        114.294      0.00875      0.0          0.0          
4.181        110.42       0.00906      0.0          0.0          
4.19         108.288      0.00923      0.0          0.0          
4.199        102.109      0.00979      0.0          0.0          
4.208        100.544      0.00995      0.0          0.0          
4.217        92.891       0.01077      0.0          0.0          
4.227        93.663       0.01068      0.0          0.0          
4.236        92.031       0.01087      0.0          0.0          
4.245        90.201       0.01109      0.0          0.0          
4.254        87.642       0.01141      0.0          0.0          
4.263        85.718       0.01167      0.0          0.0          
4.272        88.046       0.01136      0.0          0.0          
4.281        85.797       0.01166      0.0          0.0          
4.291        84.463       0.01184      0.0          0.0          
4.3          81.944       0.0122       0.0          0.0          
4.309        82.467       0.01213      0.0          0.0          
4.318        80.074       0.01249      0.0          0.0          
4.327        82.927       0.01206      0.0          0.0          
4.336        80.186       0.01247      0.0          0.0          
4.346        81.015       0.01234      0.0          0.0          
4.355        81.98        0.0122       0.0          0.0          
4.364        80.176       0.01247      0.0          0.0          
4.373        80.703       0.01239      0.0          0.0          
4.382        82.495       0.01212      0.0          0.0          
4.391        80.101       0.01248      0.0          0.0          
4.4          82.072       0.01218      0.0          0.0          
4.41         80.476       0.01243      0.0          0.0          
4.419        85.889       0.01164      0.0          0.0          
4.428        82.292       0.01215      0.0          0.0          
4.437        86.258       0.01159      0.0          0.0          
4.446        86.911       0.01151      0.0          0.0          
4.455        89.494       0.01117      0.0          0.0          
4.464        92.905       0.01076      0.0          0.0          
4.474        97.357       0.01027      0.0          0.0          
4.483        105.524      0.00948      0.0          0.0          
4.492        113.775      0.00879      0.0          0.0          
4.501        131.302      0.00762      0.0          0.0          
4.51         159.223      0.00628      0.0          0.0          
4.519        209.463      0.00477      0.0          0.0          
4.528        332.35       0.00301      0.0          0.0          
4.538        562.061      0.00178      0.0          0.0          
4.547        1051.106     0.00095      0.0          0.0          
4.556        1782.639     0.00056      0.0          0.0          
4.565        2143.486     0.00047      0.0          0.0          
4.574        1679.634     0.0006       0.0          0.0          
4.583        945.925      0.00106      0.0          0.0          
4.593        518.884      0.00193      0.0          0.0          
4.602        278.436      0.00359      0.0          0.0          
4.611        183.41       0.00545      0.0          0.0          
4.62         141.96       0.00704      0.0          0.0          
4.629        117.323      0.00852      0.0          0.0          
4.638        104.189      0.0096       0.0          0.0          
4.647        94.076       0.01063      0.0          0.0          
4.657        88.511       0.0113       0.0          0.0          
4.666        84.423       0.01185      0.0          0.0          
4.675        79.765       0.01254      0.0          0.0          
4.684        79.435       0.01259      0.0          0.0          
4.693        78.285       0.01277      0.0          0.0          
4.702        77.115       0.01297      0.0          0.0          
4.711        74.067       0.0135       0.0          0.0          
4.721        74.223       0.01347      0.0          0.0          
4.73         72.651       0.01376      0.0          0.0          
4.739        72.345       0.01382      0.0          0.0          
4.748        71.577       0.01397      0.0          0.0          
4.757        69.974       0.01429      0.0          0.0          
4.766        70.102       0.01426      0.0          0.0          
4.775        69.216       0.01445      0.0          0.0          
4.785        67.747       0.01476      0.0          0.0          
4.794        71.493       0.01399      0.0          0.0          
4.803        70.2         0.01425      0.0          0.0          
4.812        69.008       0.01449      0.0          0.0          
4.821        67.605       0.01479      0.0          0.0          
4.83         68.316       0.01464      0.0          0.0          
4.84         67.782       0.01475      0.0          0.0          
4.849        66.982       0.01493      0.0          0.0          
4.858        68.42        0.01462      0.0          0.0          
4.867        68.643       0.01457      0.0          0.0          
4.876        68.484       0.0146       0.0          0.0          
4.885        67.41        0.01483      0.0          0.0          
4.894        68.531       0.01459      0.0          0.0          
4.904        69.091       0.01447      0.0          0.0          
4.913        65.247       0.01533      0.0          0.0          
4.922        66.667       0.015        0.0          0.0          
4.931        67.099       0.0149       0.0          0.0          
4.94         66.415       0.01506      0.0          0.0          
4.949        66.572       0.01502      0.0          0.0          
4.958        66.64        0.01501      0.0          0.0          
4.968        65.954       0.01516      0.0          0.0          
4.977        67.881       0.01473      0.0          0.0          
4.986        65.984       0.01516      0.0          0.0          
4.995        67.834       0.01474      0.0          0.0          
5.004        66.242       0.0151       0.0          0.0          
5.013        66.316       0.01508      0.0          0.0          
5.023        63.754       0.01569      0.0          0.0          
5.032        64.745       0.01545      0.0          0.0          
5.041        67.102       0.0149       0.0          0.0          
5.05         68.17        0.01467      0.0          0.0          
5.059        65.68        0.01523      0.0          0.0          
5.068        65.359       0.0153       0.0          0.0          
5.077        66.04        0.01514      0.0          0.0          
5.087        64.964       0.01539      0.0          0.0          
5.096        67.416       0.01483      0.0          0.0          
5.105        66.777       0.01498      0.0          0.0          
5.114        64.857       0.01542      0.0          0.0          
5.123        66.865       0.01496      0.0          0.0          
5.132        65.344       0.0153       0.0          0.0          
5.141        64.084       0.0156       0.0          0.0          
5.151        66.713       0.01499      0.0          0.0          
5.16         64.121       0.0156       0.0          0.0          
5.169        67.498       0.01482      0.0          0.0          
5.178        64.583       0.01548      0.0          0.0          
5.187        64.31        0.01555      0.0          0.0          
5.196        66.343       0.01507      0.0          0.0          
5.206        65.78        0.0152       0.0          0.0          
5.215        66.928       0.01494      0.0          0.0          
5.224        69.203       0.01445      0.0          0.0          
5.233        68.83        0.01453      0.0          0.0          
5.242        71.186       0.01405      0.0          0.0          
5.251        69.979       0.01429      0.0          0.0          
5.26         71.253       0.01403      0.0          0.0          
5.27         70.65        0.01415      0.0          0.0          
5.279        71.209       0.01404      0.0          0.0          
5.288        70.026       0.01428      0.0          0.0          
5.297        67.859       0.01474      0.0          0.0          
5.306        66.044       0.01514      0.0          0.0          
5.315        65.247       0.01533      0.0          0.0          
5.324        69.676       0.01435      0.0          0.0          
5.334        67.742       0.01476      0.0          0.0          
5.343        66.416       0.01506      0.0          0.0          
5.352        67.963       0.01471      0.0          0.0          
5.361        65.843       0.01519      0.0          0.0          
5.37         66.121       0.01512      0.0          0.0          
5.379        66.263       0.01509      0.0          0.0          
5.389        66.743       0.01498      0.0          0.0          
5.398        67.084       0.01491      0.0          0.0          
5.407        65.908       0.01517      0.0          0.0          
5.416        64.606       0.01548      0.0          0.0          
5.425        66.401       0.01506      0.0          0.0          
5.434        67.87        0.01473      0.0          0.0          
5.443        67.928       0.01472      0.0          0.0          
5.453        66.417       0.01506      0.0          0.0          
5.462        67.774       0.01475      0.0          0.0          
5.471        66.44        0.01505      0.0          0.0          
5.48         67.409       0.01483      0.0          0.0          
5.489        68.754       0.01454      0.0          0.0          
5.498        67.353       0.01485      0.0          0.0          
5.507        68.83        0.01453      0.0          0.0          
5.517        67.388       0.01484      0.0          0.0          
5.526        69.171       0.01446      0.0          0.0          
5.535        67.985       0.01471      0.0          0.0          
5.544        70.277       0.01423      0.0          0.0          
5.553        71.303       0.01402      0.0          0.0          
5.562        71.635       0.01396      0.0          0.0          
5.572        72.658       0.01376      0.0          0.0          
5.581        76.635       0.01305      0.0          0.0          
5.59         82.334       0.01215      0.0          0.0          
5.599        87.021       0.01149      0.0          0.0          
5.608        101.549      0.00985      0.0          0.0          
5.617        115.809      0.00863      0.0          0.0          
5.626        148.695      0.00673      0.0          0.0          
5.636        194.881      0.00513      0.0          0.0          
5.645        260.053      0.00385      0.0          0.0          
5.654        324.786      0.00308      0.0          0.0          
5.663        410.712      0.00243      0.0          0.0          
5.672        476.593      0.0021       0.0          0.0          
5.681        541.972      0.00185      0.0          0.0          
5.691        588.822      0.0017       0.0          0.0          
5.7          626.103      0.0016       0.0          0.0          
5.709        659.24       0.00152      0.0          0.0          
5.718        652.47       0.00153      0.0          0.0          
5.727        609.667      0.00164      0.0          0.0          
5.736        524.545      0.00191      0.0          0.0          
5.745        433.393      0.00231      0.0          0.0          
5.755        341.171      0.00293      0.0          0.0          
5.764        259.723      0.00385      0.0          0.0          
5.773        194.324      0.00515      0.0          0.0          
5.782        148.338      0.00674      0.0          0.0          
5.791        117.668      0.0085       0.0          0.0          
5.8          99.986       0.01         0.0          0.0          
5.81         85.978       0.01163      0.0          0.0          
5.819        79.292       0.01261      0.0          0.0          
5.828        75.615       0.01322      0.0          0.0          
5.837        73.545       0.0136       0.0          0.0          
5.846        72.214       0.01385      0.0          0.0          
5.855        70.864       0.01411      0.0          0.0          
5.864        69.19        0.01445      0.0          0.0          
5.874        69.239       0.01444      0.0          0.0          
5.883        69.211       0.01445      0.0          0.0          
5.892        68.307       0.01464      0.0          0.0          
5.901        69.152       0.01446      0.0          0.0          
5.91         66.861       0.01496      0.0          0.0          
5.919        68.074       0.01469      0.0          0.0          
5.928        69.358       0.01442      0.0          0.0          
5.938        67.977       0.01471      0.0          0.0          
5.947        66.86        0.01496      0.0          0.0          
5.956        68.006       0.0147       0.0          0.0          
5.965        67.536       0.01481      0.0          0.0          
5.974        66.616       0.01501      0.0          0.0          
5.983        68.246       0.01465      0.0          0.0          
5.993        66.707       0.01499      0.0          0.0          
6.002        66.608       0.01501      0.0          0.0          
6.011        67.788       0.01475      0.0          0.0          
6.02         66.9         0.01495      0.0          0.0          
6.029        65.068       0.01537      0.0          0.0          
6.038        67.921       0.01472      0.0          0.0          
6.047        66.799       0.01497      0.0          0.0          
6.057        68.824       0.01453      0.0          0.0          
6.066        68.401       0.01462      0.0          0.0          
6.075        65.587       0.01525      0.0          0.0          
6.084        67.932       0.01472      0.0          0.0          
6.093        67.661       0.01478      0.0          0.0          
6.102        69.173       0.01446      0.0          0.0          
6.112        68.237       0.01465      0.0          0.0          
6.121        66.736       0.01498      0.0          0.0          
6.13         68.565       0.01458      0.0          0.0          
6.139        67.442       0.01483      0.0          0.0          
6.148        70.804       0.01412      0.0          0.0          
6.157        73.453       0.01361      0.0          0.0          
6.166        73.875       0.01354      0.0          0.0          
6.176        74.253       0.01347      0.0          0.0          
6.185        72.252       0.01384      0.0          0.0          
6.194        71.577       0.01397      0.0          0.0          
6.203        69.646       0.01436      0.0          0.0          
6.212        68.272       0.01465      0.0          0.0          
6.221        68.624       0.01457      0.0          0.0          
6.231        68.717       0.01455      0.0          0.0          
6.24         68.425       0.01461      0.0          0.0          
6.249        69.534       0.01438      0.0          0.0          
6.258        71.323       0.01402      0.0          0.0          
6.267        69.172       0.01446      0.0          0.0          
6.276        68.607       0.01458      0.0          0.0          
6.285        69.173       0.01446      0.0          0.0          
6.295        70.854       0.01411      0.0          0.0          
6.304        69.99        0.01429      0.0          0.0          
6.313        70.431       0.0142       0.0          0.0          
6.322        71.486       0.01399      0.0          0.0          
6.331        71.829       0.01392      0.0          0.0          
6.34         73.931       0.01353      0.0          0.0          
6.35         72.958       0.01371      0.0          0.0          
6.359        73.475       0.01361      0.0          0.0          
6.368        76.419       0.01309      0.0          0.0          
6.377        77.858       0.01284      0.0          0.0          
6.386        79.797       0.01253      0.0          0.0          
6.395        85.075       0.01175      0.0          0.0          
6.404        99.224       0.01008      0.0          0.0          
6.414        120.418      0.0083       0.0          0.0          
6.423        171.3        0.00584      0.0          0.0          
6.432        279.103      0.00358      0.0          0.0          
6.441        476.272      0.0021       0.0          0.0          
6.45         663.412      0.00151      0.0          0.0          
6.459        724.541      0.00138      0.0          0.0          
6.469        582.877      0.00172      0.0          0.0          
6.478        407.782      0.00245      0.0          0.0          
6.487        258.306      0.00387      0.0          0.0          
6.496        169.703      0.00589      0.0          0.0          
6.505        125.477      0.00797      0.0          0.0          
6.514        105.126      0.00951      0.0          0.0          
6.524        91.439       0.01094      0.0          0.0          
6.533        83.659       0.01195      0.0          0.0          
6.542        82.673       0.0121       0.0          0.0          
6.551        78.408       0.01275      0.0          0.0          
6.56         76.841       0.01301      0.0          0.0          
6.569        77.328       0.01293      0.0          0.0          
6.578        75.672       0.01321      0.0          0.0          
6.588        74.793       0.01337      0.0          0.0          
6.597        74.555       0.01341      0.0          0.0          
6.606        75.023       0.01333      0.0          0.0          
6.615        77.125       0.01297      0.0          0.0          
6.624        72.572       0.01378      0.0          0.0          
6.633        74.822       0.01336      0.0          0.0          
6.643        75.212       0.0133       0.0          0.0          
6.652        74.067       0.0135       0.0          0.0          
6.661        74.944       0.01334      0.0          0.0          
6.67         75.098       0.01332      0.0          0.0          
6.679        75.715       0.01321      0.0          0.0          
6.688        73.884       0.01353      0.0          0.0          
6.697        75.904       0.01317      0.0          0.0          
6.707        74.172       0.01348      0.0          0.0          
6.716        73.552       0.0136       0.0          0.0          
6.725        75.25        0.01329      0.0          0.0          
6.734        75.455       0.01325      0.0          0.0          
6.743        76.959       0.01299      0.0          0.0          
6.752        75.968       0.01316      0.0          0.0          
6.762        77.66        0.01288      0.0          0.0          
6.771        77.196       0.01295      0.0          0.0          
6.78         78.153       0.0128       0.0          0.0          
6.789        80.327       0.01245      0.0          0.0          
6.798        78.801       0.01269      0.0          0.0          
6.807        80.644       0.0124       0.0          0.0          
6.817        83.549       0.01197      0.0          0.0          
6.826        83.294       0.01201      0.0          0.0          
6.835        84.86        0.01178      0.0          0.0          
6.844        87.315       0.01145      0.0          0.0          
6.853        89.902       0.01112      0.0          0.0          
6.862        91.28        0.01096      0.0          0.0          
6.871        96.776       0.01033      0.0          0.0          
6.881        103.271      0.00968      0.0          0.0          
6.89         111.664      0.00896      0.0          0.0          
6.899        125.473      0.00797      0.0          0.0          
6.908        155.938      0.00641      0.0          0.0          
6.917        208.523      0.0048       0.0          0.0          
6.926        299.962      0.00333      0.0          0.0          
6.936        462.107      0.00216      0.0          0.0          
6.945        698.724      0.00143      0.0          0.0          
6.954        1004.539     0.001        0.0          0.0          
6.963        1328.27      0.00075      0.0          0.0          
6.972        1623.171     0.00062      0.0          0.0          
6.981        1833.025     0.00055      0.0          0.0          
6.991        1921.383     0.00052      0.0          0.0          
7.0          1836.295     0.00054      0.0          0.0          
7.009        1583.271     0.00063      0.0          0.0          
7.018        1237.799     0.00081      0.0          0.0          
7.027        886.432      0.00113      0.0          0.0          
7.036        601.528      0.00166      0.0          0.0          
7.045        394.542      0.00253      0.0          0.0          
7.055        258.882      0.00386      0.0          0.0          
7.064        185.285      0.0054       0.0          0.0          
7.073        144.275      0.00693      0.0          0.0          
7.082        119.824      0.00835      0.0          0.0          
7.091        110.388      0.00906      0.0          0.0          
7.1          100.922      0.00991      0.0          0.0          
7.11         95.776       0.01044      0.0          0.0          
7.119        92.404       0.01082      0.0          0.0          
7.128        89.788       0.01114      0.0          0.0          
7.137        88.183       0.01134      0.0          0.0          
7.146        88.529       0.0113       0.0          0.0          
7.155        86.357       0.01158      0.0          0.0          
7.165        83.177       0.01202      0.0          0.0          
7.174        83.872       0.01192      0.0          0.0          
7.183        81.772       0.01223      0.0          0.0          
7.192        80.689       0.01239      0.0          0.0          
7.201        80.228       0.01246      0.0          0.0          
7.21         78.903       0.01267      0.0          0.0          
7.219        79.804       0.01253      0.0          0.0          
7.229        80.354       0.01244      0.0          0.0          
7.238        79.702       0.01255      0.0          0.0          
7.247        80.0         0.0125       0.0          0.0          
7.256        78.4         0.01276      0.0          0.0          
7.265        76.854       0.01301      0.0          0.0          
7.274        78.898       0.01267      0.0          0.0          
7.284        76.768       0.01303      0.0          0.0          
7.293        77.848       0.01285      0.0          0.0          
7.302        79.003       0.01266      0.0          0.0          
7.311        77.077       0.01297      0.0          0.0          
7.32         75.746       0.0132       0.0          0.0          
7.329        78.892       0.01268      0.0          0.0          
7.339        77.682       0.01287      0.0          0.0          
7.348        75.953       0.01317      0.0          0.0          
7.357        76.928       0.013        0.0          0.0          
7.366        77.338       0.01293      0.0          0.0          
7.375        78.817       0.01269      0.0          0.0          
7.384        77.523       0.0129       0.0          0.0          
7.394        77.574       0.01289      0.0          0.0          
7.403        77.418       0.01292      0.0          0.0          
7.412        80.223       0.01247      0.0          0.0          
7.421        80.157       0.01248      0.0          0.0          
7.43         81.263       0.01231      0.0          0.0          
7.439        83.854       0.01193      0.0          0.0          
7.448        84.395       0.01185      0.0          0.0          
7.458        84.027       0.0119       0.0          0.0          
7.467        86.544       0.01155      0.0          0.0          
7.476        88.781       0.01126      0.0          0.0          
7.485        90.982       0.01099      0.0          0.0          
7.494        96.907       0.01032      0.0          0.0          
7.503        108.904      0.00918      0.0          0.0          
7.513        129.956      0.00769      0.0          0.0          
7.522        171.728      0.00582      0.0          0.0          
7.531        256.066      0.00391      0.0          0.0          
7.54         384.064      0.0026       0.0          0.0          
7.549        625.951      0.0016       0.0          0.0          
7.558        914.007      0.00109      0.0          0.0          
7.568        1048.76      0.00095      0.0          0.0          
7.577        989.84       0.00101      0.0          0.0          
7.586        785.434      0.00127      0.0          0.0          
7.595        515.082      0.00194      0.0          0.0          
7.604        344.101      0.00291      0.0          0.0          
7.613        222.555      0.00449      0.0          0.0          
7.623        158.318      0.00632      0.0          0.0          
7.632        124.885      0.00801      0.0          0.0          
7.641        106.526      0.00939      0.0          0.0          
7.65         95.604       0.01046      0.0          0.0          
7.659        88.701       0.01127      0.0          0.0          
7.668        85.209       0.01174      0.0          0.0          
7.677        83.175       0.01202      0.0          0.0          
7.687        83.589       0.01196      0.0          0.0          
7.696        81.078       0.01233      0.0          0.0          
7.705        80.205       0.01247      0.0          0.0          
7.714        79.356       0.0126       0.0          0.0          
7.723        79.066       0.01265      0.0          0.0          
7.732        76.957       0.01299      0.0          0.0          
7.742        78.626       0.01272      0.0          0.0          
7.751        77.072       0.01297      0.0          0.0          
7.76         75.803       0.01319      0.0          0.0          
7.769        78.894       0.01268      0.0          0.0          
7.778        76.326       0.0131       0.0          0.0          
7.787        76.293       0.01311      0.0          0.0          
7.797        75.2         0.0133       0.0          0.0          
7.806        75.623       0.01322      0.0          0.0          
7.815        77.559       0.01289      0.0          0.0          
7.824        78.349       0.01276      0.0          0.0          
7.833        79.661       0.01255      0.0          0.0          
7.842        81.578       0.01226      0.0          0.0          
7.852        83.519       0.01197      0.0          0.0          
7.861        86.59        0.01155      0.0          0.0          
7.87         99.371       0.01006      0.0          0.0          
7.879        125.98       0.00794      0.0          0.0          
7.888        194.849      0.00513      0.0          0.0          
7.897        299.173      0.00334      0.0          0.0          
7.907        388.77       0.00257      0.0          0.0          
7.916        418.286      0.00239      0.0          0.0          
7.925        347.959      0.00287      0.0          0.0          
7.934        236.036      0.00424      0.0          0.0          
7.943        158.819      0.0063       0.0          0.0          
7.952        124.944      0.008        0.0          0.0          
7.962        104.193      0.0096       0.0          0.0          
7.971        99.217       0.01008      0.0          0.0          
7.98         98.9         0.01011      0.0          0.0          
7.989        105.488      0.00948      0.0          0.0          
7.998        121.843      0.00821      0.0          0.0          
8.007        155.204      0.00644      0.0          0.0          
8.016        208.161      0.0048       0.0          0.0          
8.026        287.894      0.00347      0.0          0.0          
8.035        384.605      0.0026       0.0          0.0          
8.044        482.281      0.00207      0.0          0.0          
8.053        572.123      0.00175      0.0          0.0          
8.062        623.92       0.0016       0.0          0.0          
8.071        637.866      0.00157      0.0          0.0          
8.081        605.639      0.00165      0.0          0.0          
8.09         555.167      0.0018       0.0          0.0          
8.099        479.971      0.00208      0.0          0.0          
8.108        404.109      0.00247      0.0          0.0          
8.117        321.176      0.00311      0.0          0.0          
8.126        244.472      0.00409      0.0          0.0          
8.136        186.793      0.00535      0.0          0.0          
8.145        142.432      0.00702      0.0          0.0          
8.154        114.511      0.00873      0.0          0.0          
8.163        98.975       0.0101       0.0          0.0          
8.172        90.136       0.01109      0.0          0.0          
8.181        85.559       0.01169      0.0          0.0          
8.191        82.704       0.01209      0.0          0.0          
8.2          79.199       0.01263      0.0          0.0          
8.209        77.673       0.01287      0.0          0.0          
8.218        76.043       0.01315      0.0          0.0          
8.227        76.35        0.0131       0.0          0.0          
8.236        76.88        0.01301      0.0          0.0          
8.246        75.877       0.01318      0.0          0.0          
8.255        74.683       0.01339      0.0          0.0          
8.264        73.996       0.01351      0.0          0.0          
8.273        74.054       0.0135       0.0          0.0          
8.282        74.486       0.01343      0.0          0.0          
8.291        74.589       0.01341      0.0          0.0          
8.301        73.509       0.0136       0.0          0.0          
8.31         76.865       0.01301      0.0          0.0          
8.319        74.331       0.01345      0.0          0.0          
8.328        75.84        0.01319      0.0          0.0          
8.337        76.345       0.0131       0.0          0.0          
8.346        72.095       0.01387      0.0          0.0          
8.356        75.193       0.0133       0.0          0.0          
8.365        73.53        0.0136       0.0          0.0          
8.374        70.526       0.01418      0.0          0.0          
8.383        72.3         0.01383      0.0          0.0          
8.392        71.428       0.014        0.0          0.0          
8.401        72.029       0.01388      0.0          0.0          
8.411        72.052       0.01388      0.0          0.0          
8.42         71.328       0.01402      0.0          0.0          
8.429        71.193       0.01405      0.0          0.0          
8.438        70.275       0.01423      0.0          0.0          
8.447        72.67        0.01376      0.0          0.0          
8.456        69.962       0.01429      0.0          0.0          
8.466        69.533       0.01438      0.0          0.0          
8.475        71.787       0.01393      0.0          0.0          
8.484        71.124       0.01406      0.0          0.0          
8.493        69.776       0.01433      0.0          0.0          
8.502        68.676       0.01456      0.0          0.0          
8.511        69.681       0.01435      0.0          0.0          
8.521        70.793       0.01413      0.0          0.0          
8.53         71.177       0.01405      0.0          0.0          
8.539        70.28        0.01423      0.0          0.0          
8.548        71.605       0.01397      0.0          0.0          
8.557        71.558       0.01397      0.0          0.0          
8.566        70.193       0.01425      0.0          0.0          
8.576        69.897       0.01431      0.0          0.0          
8.585        69.448       0.0144       0.0          0.0          
8.594        69.154       0.01446      0.0          0.0          
8.603        71.208       0.01404      0.0          0.0          
8.612        70.567       0.01417      0.0          0.0          
8.621        72.639       0.01377      0.0          0.0          
8.631        70.853       0.01411      0.0          0.0          
8.64         71.65        0.01396      0.0          0.0          
8.649        72.061       0.01388      0.0          0.0          
8.658        71.456       0.01399      0.0          0.0          
8.667        70.762       0.01413      0.0          0.0          
8.676        72.057       0.01388      0.0          0.0          
8.686        71.712       0.01394      0.0          0.0          
8.695        72.242       0.01384      0.0          0.0          
8.704        69.247       0.01444      0.0          0.0          
8.713        72.551       0.01378      0.0          0.0          
8.722        71.703       0.01395      0.0          0.0          
8.731        72.202       0.01385      0.0          0.0          
8.741        72.579       0.01378      0.0          0.0          
8.75         71.559       0.01397      0.0          0.0          
8.759        69.98        0.01429      0.0          0.0          
8.768        71.706       0.01395      0.0          0.0          
8.777        72.364       0.01382      0.0          0.0          
8.786        73.004       0.0137       0.0          0.0          
8.796        72.502       0.01379      0.0          0.0          
8.805        73.381       0.01363      0.0          0.0          
8.814        73.05        0.01369      0.0          0.0          
8.823        72.962       0.01371      0.0          0.0          
8.832        74.442       0.01343      0.0          0.0          
8.841        75.456       0.01325      0.0          0.0          
8.851        76.103       0.01314      0.0          0.0          
8.86         75.985       0.01316      0.0          0.0          
8.869        78.48        0.01274      0.0          0.0          
8.878        80.372       0.01244      0.0          0.0          
8.887        83.745       0.01194      0.0          0.0          
8.896        85.012       0.01176      0.0          0.0          
8.906        92.42        0.01082      0.0          0.0          
8.915        103.023      0.00971      0.0          0.0          
8.924        114.689      0.00872      0.0          0.0          
8.933        130.705      0.00765      0.0          0.0          
8.942        152.58       0.00655      0.0          0.0          
8.951        181.748      0.0055       0.0          0.0          
8.961        211.209      0.00473      0.0          0.0          
8.97         242.691      0.00412      0.0          0.0          
8.979        275.006      0.00364      0.0          0.0          
8.988        311.7        0.00321      0.0          0.0          
8.997        342.149      0.00292      0.0          0.0          
9.006        375.968      0.00266      0.0          0.0          
9.016        400.394      0.0025       0.0          0.0          
9.025        423.197      0.00236      0.0          0.0          
9.034        437.466      0.00229      0.0          0.0          
9.043        439.787      0.00227      0.0          0.0          
9.052        425.564      0.00235      0.0          0.0          
9.061        402.568      0.00248      0.0          0.0          
9.071        367.84       0.00272      0.0          0.0          
9.08         329.413      0.00304      0.0          0.0          
9.089        291.352      0.00343      0.0          0.0          
9.098        253.282      0.00395      0.0          0.0          
9.107        225.242      0.00444      0.0          0.0          
9.116        204.151      0.0049       0.0          0.0          
9.126        197.232      0.00507      0.0          0.0          
9.135        191.406      0.00522      0.0          0.0          
9.144        179.793      0.00556      0.0          0.0          
9.153        159.74       0.00626      0.0          0.0          
9.162        139.84       0.00715      0.0          0.0          
9.171        119.574      0.00836      0.0          0.0          
9.181        104.602      0.00956      0.0          0.0          
9.19         94.095       0.01063      0.0          0.0          
9.199        87.988       0.01137      0.0          0.0          
9.208        84.137       0.01189      0.0          0.0          
9.217        80.603       0.01241      0.0          0.0          
9.226        78.437       0.01275      0.0          0.0          
9.236        75.251       0.01329      0.0          0.0          
9.245        75.961       0.01316      0.0          0.0          
9.254        75.812       0.01319      0.0          0.0          
9.263        74.353       0.01345      0.0          0.0          
9.272        73.697       0.01357      0.0          0.0          
9.282        73.702       0.01357      0.0          0.0          
9.291        73.451       0.01361      0.0          0.0          
9.3          73.034       0.01369      0.0          0.0          
9.309        72.862       0.01372      0.0          0.0          
9.318        72.334       0.01382      0.0          0.0          
9.327        71.398       0.01401      0.0          0.0          
9.337        72.169       0.01386      0.0          0.0          
9.346        72.382       0.01382      0.0          0.0          
9.355        72.056       0.01388      0.0          0.0          
9.364        73.062       0.01369      0.0          0.0          
9.373        72.554       0.01378      0.0          0.0          
9.382        70.713       0.01414      0.0          0.0          
9.392        71.614       0.01396      0.0          0.0          
9.401        72.873       0.01372      0.0          0.0          
9.41         71.43        0.014        0.0          0.0          
9.419        70.955       0.01409      0.0          0.0          
9.428        72.387       0.01381      0.0          0.0          
9.437        71.487       0.01399      0.0          0.0          
9.447        72.214       0.01385      0.0          0.0          
9.456        70.994       0.01409      0.0          0.0          
9.465        71.776       0.01393      0.0          0.0          
9.474        72.372       0.01382      0.0          0.0          
9.483        71.127       0.01406      0.0          0.0          
9.492        70.765       0.01413      0.0          0.0          
9.502        71.227       0.01404      0.0          0.0          
9.511        70.119       0.01426      0.0          0.0          
9.52         71.446       0.014        0.0          0.0          
9.529        70.958       0.01409      0.0          0.0          
9.538        71.15        0.01405      0.0          0.0          
9.547        69.701       0.01435      0.0          0.0          
9.557        70.741       0.01414      0.0          0.0          
9.566        73.304       0.01364      0.0          0.0          
9.575        71.602       0.01397      0.0          0.0          
9.584        70.507       0.01418      0.0          0.0          
9.593        70.536       0.01418      0.0          0.0          
9.603        71.743       0.01394      0.0          0.0          
9.612        73.102       0.01368      0.0          0.0          
9.621        72.844       0.01373      0.0          0.0          
9.63         72.322       0.01383      0.0          0.0          
9.639        73.204       0.01366      0.0          0.0          
9.648        74.678       0.01339      0.0          0.0          
9.658        74.107       0.01349      0.0          0.0          
9.667        73.644       0.01358      0.0          0.0          
9.676        74.066       0.0135       0.0          0.0          
9.685        74.934       0.01335      0.0          0.0          
9.694        74.353       0.01345      0.0          0.0          
9.703        74.773       0.01337      0.0          0.0          
9.713        73.925       0.01353      0.0          0.0          
9.722        73.729       0.01356      0.0          0.0          
9.731        74.836       0.01336      0.0          0.0          
9.74         72.799       0.01374      0.0          0.0          
9.749        74.669       0.01339      0.0          0.0          
9.758        75.121       0.01331      0.0          0.0          
9.768        74.074       0.0135       0.0          0.0          
9.777        75.178       0.0133       0.0          0.0          
9.786        74.707       0.01339      0.0          0.0          
9.795        77.645       0.01288      0.0          0.0          
9.804        78.739       0.0127       0.0          0.0          
9.814        79.999       0.0125       0.0          0.0          
9.823        85.844       0.01165      0.0          0.0          
9.832        93.275       0.01072      0.0          0.0          
9.841        105.688      0.00946      0.0          0.0          
9.85         123.584      0.00809      0.0          0.0          
9.859        147.912      0.00676      0.0          0.0          
9.869        176.522      0.00567      0.0          0.0          
9.878        208.351      0.0048       0.0          0.0          
9.887        233.622      0.00428      0.0          0.0          
9.896        245.533      0.00407      0.0          0.0          
9.905        233.82       0.00428      0.0          0.0          
9.914        213.977      0.00467      0.0          0.0          
9.924        205.799      0.00486      0.0          0.0          
9.933        214.622      0.00466      0.0          0.0          
9.942        247.768      0.00404      0.0          0.0          
9.951        288.973      0.00346      0.0          0.0          
9.96         308.095      0.00325      0.0          0.0          
9.97         292.331      0.00342      0.0          0.0          
9.979        241.427      0.00414      0.0          0.0          
9.988        187.775      0.00533      0.0          0.0          
9.997        142.096      0.00704      0.0          0.0          
10.006       112.826      0.00886      0.0          0.0          
10.015       98.633       0.01014      0.0          0.0          
10.025       90.79        0.01101      0.0          0.0          
10.034       85.042       0.01176      0.0          0.0          
10.043       83.074       0.01204      0.0          0.0          
10.052       81.009       0.01234      0.0          0.0          
10.061       81.692       0.01224      0.0          0.0          
10.07        80.547       0.01242      0.0          0.0          
10.08        80.174       0.01247      0.0          0.0          
10.089       79.836       0.01253      0.0          0.0          
10.098       79.011       0.01266      0.0          0.0          
10.107       79.247       0.01262      0.0          0.0          
10.116       79.901       0.01252      0.0          0.0          
10.125       80.417       0.01244      0.0          0.0          
10.135       82.017       0.01219      0.0          0.0          
10.144       82.177       0.01217      0.0          0.0          
10.153       86.828       0.01152      0.0          0.0          
10.162       91.111       0.01098      0.0          0.0          
10.171       102.66       0.00974      0.0          0.0          
10.181       120.473      0.0083       0.0          0.0          
10.19        152.889      0.00654      0.0          0.0          
10.199       197.83       0.00505      0.0          0.0          
10.208       241.275      0.00414      0.0          0.0          
10.217       288.567      0.00347      0.0          0.0          
10.226       276.063      0.00362      0.0          0.0          
10.236       255.839      0.00391      0.0          0.0          
10.245       208.86       0.00479      0.0          0.0          
10.254       171.225      0.00584      0.0          0.0          
10.263       135.979      0.00735      0.0          0.0          
10.272       111.455      0.00897      0.0          0.0          
10.282       100.055      0.00999      0.0          0.0          
10.291       89.834       0.01113      0.0          0.0          
10.3         85.767       0.01166      0.0          0.0          
10.309       81.782       0.01223      0.0          0.0          
10.318       80.519       0.01242      0.0          0.0          
10.327       79.491       0.01258      0.0          0.0          
10.337       79.081       0.01265      0.0          0.0          
10.346       77.921       0.01283      0.0          0.0          
10.355       79.027       0.01265      0.0          0.0          
10.364       77.539       0.0129       0.0          0.0          
10.373       77.294       0.01294      0.0          0.0          
10.382       77.995       0.01282      0.0          0.0          
10.392       77.819       0.01285      0.0          0.0          
10.401       77.226       0.01295      0.0          0.0          
10.41        77.128       0.01297      0.0          0.0          
10.419       76.737       0.01303      0.0          0.0          
10.428       78.063       0.01281      0.0          0.0          
10.438       79.044       0.01265      0.0          0.0          
10.447       77.86        0.01284      0.0          0.0          
10.456       76.883       0.01301      0.0          0.0          
10.465       80.292       0.01245      0.0          0.0          
10.474       79.102       0.01264      0.0          0.0          
10.483       78.873       0.01268      0.0          0.0          
10.493       80.029       0.0125       0.0          0.0          
10.502       79.859       0.01252      0.0          0.0          
10.511       80.946       0.01235      0.0          0.0          
10.52        82.723       0.01209      0.0          0.0          
10.529       82.597       0.01211      0.0          0.0          
10.539       85.282       0.01173      0.0          0.0          
10.548       86.955       0.0115       0.0          0.0          
10.557       88.858       0.01125      0.0          0.0          
10.566       92.072       0.01086      0.0          0.0          
10.575       96.911       0.01032      0.0          0.0          
10.584       105.949      0.00944      0.0          0.0          
10.594       119.431      0.00837      0.0          0.0          
10.603       140.172      0.00713      0.0          0.0          
10.612       169.502      0.0059       0.0          0.0          
10.621       209.807      0.00477      0.0          0.0          
10.63        256.905      0.00389      0.0          0.0          
10.639       311.634      0.00321      0.0          0.0          
10.649       366.849      0.00273      0.0          0.0          
10.658       416.377      0.0024       0.0          0.0          
10.667       459.533      0.00218      0.0          0.0          
10.676       486.025      0.00206      0.0          0.0          
10.685       499.449      0.002        0.0          0.0          
10.695       497.699      0.00201      0.0          0.0          
10.704       480.631      0.00208      0.0          0.0          
10.713       445.667      0.00224      0.0          0.0          
10.722       400.322      0.0025       0.0          0.0          
10.731       348.529      0.00287      0.0          0.0          
10.74        291.166      0.00343      0.0          0.0          
10.75        238.257      0.0042       0.0          0.0          
10.759       193.3        0.00517      0.0          0.0          
10.768       156.757      0.00638      0.0          0.0          
10.777       132.195      0.00756      0.0          0.0          
10.786       114.38       0.00874      0.0          0.0          
10.796       102.829      0.00972      0.0          0.0          
10.805       94.448       0.01059      0.0          0.0          
10.814       91.198       0.01097      0.0          0.0          
10.823       87.99        0.01136      0.0          0.0          
10.832       85.197       0.01174      0.0          0.0          
10.841       83.154       0.01203      0.0          0.0          
10.851       83.006       0.01205      0.0          0.0          
10.86        82.009       0.01219      0.0          0.0          
10.869       81.586       0.01226      0.0          0.0          
10.878       79.734       0.01254      0.0          0.0          
10.887       79.451       0.01259      0.0          0.0          
10.897       78.47        0.01274      0.0          0.0          
10.906       78.777       0.01269      0.0          0.0          
10.915       79.734       0.01254      0.0          0.0          
10.924       78.484       0.01274      0.0          0.0          
10.933       78.028       0.01282      0.0          0.0          
10.942       78.993       0.01266      0.0          0.0          
10.952       78.487       0.01274      0.0          0.0          
10.961       78.973       0.01266      0.0          0.0          
10.97        77.611       0.01288      0.0          0.0          
10.979       77.756       0.01286      0.0          0.0          
10.988       77.119       0.01297      0.0          0.0          
10.998       78.239       0.01278      0.0          0.0          
11.007       79.264       0.01262      0.0          0.0          
11.016       78.245       0.01278      0.0          0.0          
11.025       77.589       0.01289      0.0          0.0          
11.034       77.645       0.01288      0.0          0.0          
11.043       77.533       0.0129       0.0          0.0          
11.053       78.196       0.01279      0.0          0.0          
11.062       76.255       0.01311      0.0          0.0          
11.071       76.752       0.01303      0.0          0.0          
11.08        77.493       0.0129       0.0          0.0          
11.089       77.763       0.01286      0.0          0.0          
11.099       77.406       0.01292      0.0          0.0          
11.108       78.954       0.01267      0.0          0.0          
