x            y_obs        weight       y_calc       y_bkg        
1.959        58.909       0.01698      0.0          0.0          
1.968        60.185       0.01662      0.0          0.0          
1.977        65.815       0.01519      0.0          0.0          
1.986        61.5         0.01626      0.0          0.0          
1.995        63.588       0.01573      0.0          0.0          
2.005        66.934       0.01494      0.0          0.0          
2.014        67.98        0.01471      0.0          0.0          
2.023        66.513       0.01503      0.0          0.0          
2.032        63.496       0.01575      0.0          0.0          
2.041        59.705       0.01675      0.0          0.0          
2.05         58.913       0.01697      0.0          0.0          
2.059        58.572       0.01707      0.0          0.0          
2.069        53.289       0.01877      0.0          0.0          
2.078        57.641       0.01735      0.0          0.0          
2.087        59.278       0.01687      0.0          0.0          
2.096        57.33        0.01744      0.0          0.0          
2.105        56.641       0.01766      0.0          0.0          
2.114        58.67        0.01704      0.0          0.0          
2.123        59.166       0.0169       0.0          0.0          
2.133        54.741       0.01827      0.0          0.0          
2.142        57.923       0.01726      0.0          0.0          
2.151        53.643       0.01864      0.0          0.0          
2.16         60.953       0.01641      0.0          0.0          
2.169        58.485       0.0171       0.0          0.0          
2.178        59.286       0.01687      0.0          0.0          
2.187        56.903       0.01757      0.0          0.0          
2.197        57.263       0.01746      0.0          0.0          
2.206        57.369       0.01743      0.0          0.0          
2.215        58.268       0.01716      0.0          0.0          
2.224        59.594       0.01678      0.0          0.0          
2.233        59.52        0.0168       0.0          0.0          
2.242        58.24        0.01717      0.0          0.0          
2.251        57.965       0.01725      0.0          0.0          
2.261        56.873       0.01758      0.0          0.0          
2.27         57.377       0.01743      0.0          0.0          
2.279        59.254       0.01688      0.0          0.0          
2.288        57.887       0.01728      0.0          0.0          
2.297        59.254       0.01688      0.0          0.0          
2.306        55.019       0.01818      0.0          0.0          
2.315        56.715       0.01763      0.0          0.0          
2.325        56.297       0.01776      0.0          0.0          
2.334        58.074       0.01722      0.0          0.0          
2.343        57.325       0.01744      0.0          0.0          
2.352        55.923       0.01788      0.0          0.0          
2.361        59.948       0.01668      0.0          0.0          
2.37         58.242       0.01717      0.0          0.0          
2.379        59.957       0.01668      0.0          0.0          
2.389        56.045       0.01784      0.0          0.0          
2.398        58.456       0.01711      0.0          0.0          
2.407        58.522       0.01709      0.0          0.0          
2.416        57.231       0.01747      0.0          0.0          
2.425        59.15        0.01691      0.0          0.0          
2.434        57.926       0.01726      0.0          0.0          
2.443        61.4         0.01629      0.0          0.0          
2.453        57.087       0.01752      0.0          0.0          
2.462        59.226       0.01688      0.0          0.0          
2.471        59.1         0.01692      0.0          0.0          
2.48         59.8         0.01672      0.0          0.0          
2.489        60.014       0.01666      0.0          0.0          
2.498        59.206       0.01689      0.0          0.0          
2.507        60.053       0.01665      0.0          0.0          
2.517        58.193       0.01718      0.0          0.0          
2.526        57.635       0.01735      0.0          0.0          
2.535        59.427       0.01683      0.0          0.0          
2.544        60.022       0.01666      0.0          0.0          
2.553        58.452       0.01711      0.0          0.0          
2.562        56.82        0.0176       0.0          0.0          
2.571        57.056       0.01753      0.0          0.0          
2.581        61.744       0.0162       0.0          0.0          
2.59         62.641       0.01596      0.0          0.0          
2.599        60.008       0.01666      0.0          0.0          
2.608        59.554       0.01679      0.0          0.0          
2.617        56.873       0.01758      0.0          0.0          
2.626        59.51        0.0168       0.0          0.0          
2.635        59.353       0.01685      0.0          0.0          
2.645        56.068       0.01784      0.0          0.0          
2.654        55.942       0.01788      0.0          0.0          
2.663        60.435       0.01655      0.0          0.0          
2.672        61.565       0.01624      0.0          0.0          
2.681        60.849       0.01643      0.0          0.0          
2.69         58.149       0.0172       0.0          0.0          
2.699        59.333       0.01685      0.0          0.0          
2.709        59.211       0.01689      0.0          0.0          
2.718        60.674       0.01648      0.0          0.0          
2.727        57.923       0.01726      0.0          0.0          
2.736        59.806       0.01672      0.0          0.0          
2.745        61.226       0.01633      0.0          0.0          
2.754        59.94        0.01668      0.0          0.0          
2.763        61.125       0.01636      0.0          0.0          
2.773        59.91        0.01669      0.0          0.0          
2.782        58.316       0.01715      0.0          0.0          
2.791        61.773       0.01619      0.0          0.0          
2.8          61.024       0.01639      0.0          0.0          
2.809        58.528       0.01709      0.0          0.0          
2.818        57.842       0.01729      0.0          0.0          
2.827        64.712       0.01545      0.0          0.0          
2.837        60.596       0.0165       0.0          0.0          
2.846        61.019       0.01639      0.0          0.0          
2.855        59.167       0.0169       0.0          0.0          
2.864        57.344       0.01744      0.0          0.0          
2.873        61.96        0.01614      0.0          0.0          
2.882        59.555       0.01679      0.0          0.0          
2.891        62.395       0.01603      0.0          0.0          
2.901        59.868       0.0167       0.0          0.0          
2.91         62.217       0.01607      0.0          0.0          
2.919        60.521       0.01652      0.0          0.0          
2.928        59.98        0.01667      0.0          0.0          
2.937        61.092       0.01637      0.0          0.0          
2.946        59.523       0.0168       0.0          0.0          
2.955        61.973       0.01614      0.0          0.0          
2.965        59.836       0.01671      0.0          0.0          
2.974        62.682       0.01595      0.0          0.0          
2.983        62.883       0.0159       0.0          0.0          
2.992        61.147       0.01635      0.0          0.0          
3.001        58.377       0.01713      0.0          0.0          
3.01         61.837       0.01617      0.0          0.0          
3.019        59.632       0.01677      0.0          0.0          
3.029        59.776       0.01673      0.0          0.0          
3.038        60.319       0.01658      0.0          0.0          
3.047        63.308       0.0158       0.0          0.0          
3.056        62.634       0.01597      0.0          0.0          
3.065        59.074       0.01693      0.0          0.0          
3.074        61.417       0.01628      0.0          0.0          
3.083        61.692       0.01621      0.0          0.0          
3.093        63.363       0.01578      0.0          0.0          
3.102        62.421       0.01602      0.0          0.0          
3.111        65.02        0.01538      0.0          0.0          
3.12         60.846       0.01643      0.0          0.0          
3.129        63.96        0.01563      0.0          0.0          
3.138        63.396       0.01577      0.0          0.0          
3.147        61.779       0.01619      0.0          0.0          
3.157        63.689       0.0157       0.0          0.0          
3.166        63.267       0.01581      0.0          0.0          
3.175        64.538       0.01549      0.0          0.0          
3.184        66.131       0.01512      0.0          0.0          
3.193        68.593       0.01458      0.0          0.0          
3.202        69.946       0.0143       0.0          0.0          
3.211        79.103       0.01264      0.0          0.0          
3.221        83.522       0.01197      0.0          0.0          
3.23         78.757       0.0127       0.0          0.0          
3.239        72.89        0.01372      0.0          0.0          
3.248        71.495       0.01399      0.0          0.0          
3.257        63.293       0.0158       0.0          0.0          
3.266        66.412       0.01506      0.0          0.0          
3.275        62.995       0.01587      0.0          0.0          
3.285        63.479       0.01575      0.0          0.0          
3.294        64.587       0.01548      0.0          0.0          
3.303        63.592       0.01573      0.0          0.0          
3.312        64.091       0.0156       0.0          0.0          
3.321        66.784       0.01497      0.0          0.0          
3.33         63.807       0.01567      0.0          0.0          
3.339        66.684       0.015        0.0          0.0          
3.349        64.562       0.01549      0.0          0.0          
3.358        63.501       0.01575      0.0          0.0          
3.367        64.468       0.01551      0.0          0.0          
3.376        65.727       0.01521      0.0          0.0          
3.385        66.78        0.01497      0.0          0.0          
3.394        67.551       0.0148       0.0          0.0          
3.403        67.371       0.01484      0.0          0.0          
3.413        66.369       0.01507      0.0          0.0          
3.422        64.185       0.01558      0.0          0.0          
3.431        65.542       0.01526      0.0          0.0          
3.44         65.375       0.0153       0.0          0.0          
3.449        65.669       0.01523      0.0          0.0          
3.458        68.237       0.01465      0.0          0.0          
3.468        70.212       0.01424      0.0          0.0          
3.477        68.918       0.01451      0.0          0.0          
3.486        71.87        0.01391      0.0          0.0          
3.495        71.32        0.01402      0.0          0.0          
3.504        69.389       0.01441      0.0          0.0          
3.513        67.149       0.01489      0.0          0.0          
3.522        70.064       0.01427      0.0          0.0          
3.532        68.964       0.0145       0.0          0.0          
3.541        71.233       0.01404      0.0          0.0          
3.55         70.109       0.01426      0.0          0.0          
3.559        68.435       0.01461      0.0          0.0          
3.568        68.911       0.01451      0.0          0.0          
3.577        68.918       0.01451      0.0          0.0          
3.586        69.439       0.0144       0.0          0.0          
3.596        69.545       0.01438      0.0          0.0          
3.605        69.774       0.01433      0.0          0.0          
3.614        71.189       0.01405      0.0          0.0          
3.623        71.457       0.01399      0.0          0.0          
3.632        71.411       0.014        0.0          0.0          
3.641        72.38        0.01382      0.0          0.0          
3.65         73.757       0.01356      0.0          0.0          
3.66         73.222       0.01366      0.0          0.0          
3.669        74.327       0.01345      0.0          0.0          
3.678        77.109       0.01297      0.0          0.0          
3.687        77.442       0.01291      0.0          0.0          
3.696        82.192       0.01217      0.0          0.0          
3.705        91.923       0.01088      0.0          0.0          
3.714        99.547       0.01005      0.0          0.0          
3.724        103.319      0.00968      0.0          0.0          
3.733        96.826       0.01033      0.0          0.0          
3.742        88.974       0.01124      0.0          0.0          
3.751        84.133       0.01189      0.0          0.0          
3.76         88.689       0.01128      0.0          0.0          
3.769        84.575       0.01182      0.0          0.0          
3.778        91.955       0.01087      0.0          0.0          
3.788        92.433       0.01082      0.0          0.0          
3.797        92.533       0.01081      0.0          0.0          
3.806        97.275       0.01028      0.0          0.0          
3.815        98.638       0.01014      0.0          0.0          
3.824        102.083      0.0098       0.0          0.0          
3.833        106.461      0.00939      0.0          0.0          
3.842        112.055      0.00892      0.0          0.0          
3.852        116.485      0.00858      0.0          0.0          
3.861        123.779      0.00808      0.0          0.0          
3.87         133.004      0.00752      0.0          0.0          
3.879        140.081      0.00714      0.0          0.0          
3.888        159.683      0.00626      0.0          0.0          
3.897        189.432      0.00528      0.0          0.0          
3.906        233.224      0.00429      0.0          0.0          
3.916        324.049      0.00309      0.0          0.0          
3.925        612.855      0.00163      0.0          0.0          
3.934        1457.239     0.00069      0.0          0.0          
3.943        3096.972     0.00032      0.0          0.0          
3.952        5093.178     0.0002       0.0          0.0          
3.961        4073.437     0.00025      0.0          0.0          
3.971        2042.569     0.00049      0.0          0.0          
3.98         1164.531     0.00086      0.0          0.0          
3.989        1291.211     0.00077      0.0          0.0          
3.998        2303.328     0.00043      0.0          0.0          
4.007        4363.264     0.00023      0.0          0.0          
4.016        7009.514     0.00014      0.0          0.0          
4.025        8953.301     0.00011      0.0          0.0          
4.035        9289.433     0.00011      0.0          0.0          
4.044        7914.676     0.00013      0.0          0.0          
4.053        5730.322     0.00017      0.0          0.0          
4.062        3407.465     0.00029      0.0          0.0          
4.071        1727.246     0.00058      0.0          0.0          
4.08         857.392      0.00117      0.0          0.0          
4.089        476.481      0.0021       0.0          0.0          
4.099        314.825      0.00318      0.0          0.0          
4.108        238.774      0.00419      0.0          0.0          
4.117        195.723      0.00511      0.0          0.0          
4.126        175.956      0.00568      0.0          0.0          
4.135        159.059      0.00629      0.0          0.0          
4.144        145.268      0.00688      0.0          0.0          
4.153        132.769      0.00753      0.0          0.0          
4.163        123.153      0.00812      0.0          0.0          
4.172        117.904      0.00848      0.0          0.0          
4.181        114.88       0.0087       0.0          0.0          
4.19         107.809      0.00928      0.0          0.0          
4.199        102.24       0.00978      0.0          0.0          
4.208        100.254      0.00997      0.0          0.0          
4.217        97.806       0.01022      0.0          0.0          
4.227        96.638       0.01035      0.0          0.0          
4.236        92.358       0.01083      0.0          0.0          
4.245        92.445       0.01082      0.0          0.0          
4.254        89.058       0.01123      0.0          0.0          
4.263        87.106       0.01148      0.0          0.0          
4.272        88.418       0.01131      0.0          0.0          
4.281        85.637       0.01168      0.0          0.0          
4.291        87.187       0.01147      0.0          0.0          
4.3          83.541       0.01197      0.0          0.0          
4.309        85.849       0.01165      0.0          0.0          
4.318        83.726       0.01194      0.0          0.0          
4.327        83.16        0.01202      0.0          0.0          
4.336        81.733       0.01223      0.0          0.0          
4.346        82.908       0.01206      0.0          0.0          
4.355        83.291       0.01201      0.0          0.0          
4.364        79.769       0.01254      0.0          0.0          
4.373        83.765       0.01194      0.0          0.0          
4.382        80.217       0.01247      0.0          0.0          
4.391        81.448       0.01228      0.0          0.0          
4.4          80.859       0.01237      0.0          0.0          
4.41         81.002       0.01235      0.0          0.0          
4.419        80.77        0.01238      0.0          0.0          
4.428        79.848       0.01252      0.0          0.0          
4.437        82.785       0.01208      0.0          0.0          
4.446        84.347       0.01186      0.0          0.0          
4.455        84.77        0.0118       0.0          0.0          
4.464        85.081       0.01175      0.0          0.0          
4.474        88.192       0.01134      0.0          0.0          
4.483        87.664       0.01141      0.0          0.0          
4.492        94.093       0.01063      0.0          0.0          
4.501        103.314      0.00968      0.0          0.0          
4.51         119.837      0.00834      0.0          0.0          
4.519        148.557      0.00673      0.0          0.0          
4.528        206.622      0.00484      0.0          0.0          
4.538        341.96       0.00292      0.0          0.0          
4.547        563.581      0.00177      0.0          0.0          
4.556        759.075      0.00132      0.0          0.0          
4.565        790.788      0.00126      0.0          0.0          
4.574        594.264      0.00168      0.0          0.0          
4.583        368.14       0.00272      0.0          0.0          
4.593        224.784      0.00445      0.0          0.0          
4.602        158.915      0.00629      0.0          0.0          
4.611        120.941      0.00827      0.0          0.0          
4.62         100.589      0.00994      0.0          0.0          
4.629        93.06        0.01075      0.0          0.0          
4.638        86.032       0.01162      0.0          0.0          
4.647        78.625       0.01272      0.0          0.0          
4.657        77.246       0.01295      0.0          0.0          
4.666        77.858       0.01284      0.0          0.0          
4.675        74.69        0.01339      0.0          0.0          
4.684        75.518       0.01324      0.0          0.0          
4.693        72.759       0.01374      0.0          0.0          
4.702        72.569       0.01378      0.0          0.0          
4.711        73.533       0.0136       0.0          0.0          
4.721        72.362       0.01382      0.0          0.0          
4.73         70.477       0.01419      0.0          0.0          
4.739        69.809       0.01432      0.0          0.0          
4.748        71.906       0.01391      0.0          0.0          
4.757        69.742       0.01434      0.0          0.0          
4.766        68.479       0.0146       0.0          0.0          
4.775        69.709       0.01435      0.0          0.0          
4.785        69.152       0.01446      0.0          0.0          
4.794        67.888       0.01473      0.0          0.0          
4.803        69.48        0.01439      0.0          0.0          
4.812        68.546       0.01459      0.0          0.0          
4.821        68.919       0.01451      0.0          0.0          
4.83         69.507       0.01439      0.0          0.0          
4.84         67.936       0.01472      0.0          0.0          
4.849        66.878       0.01495      0.0          0.0          
4.858        67.785       0.01475      0.0          0.0          
4.867        68.626       0.01457      0.0          0.0          
4.876        67.925       0.01472      0.0          0.0          
4.885        66.402       0.01506      0.0          0.0          
4.894        67.114       0.0149       0.0          0.0          
4.904        66.312       0.01508      0.0          0.0          
4.913        65.303       0.01531      0.0          0.0          
4.922        66.617       0.01501      0.0          0.0          
4.931        65.06        0.01537      0.0          0.0          
4.94         67.03        0.01492      0.0          0.0          
4.949        66.216       0.0151       0.0          0.0          
4.958        65.362       0.0153       0.0          0.0          
4.968        65.167       0.01535      0.0          0.0          
4.977        67.884       0.01473      0.0          0.0          
4.986        66.528       0.01503      0.0          0.0          
4.995        65.957       0.01516      0.0          0.0          
5.004        65.487       0.01527      0.0          0.0          
5.013        65.13        0.01535      0.0          0.0          
5.023        64.2         0.01558      0.0          0.0          
5.032        64.507       0.0155       0.0          0.0          
5.041        66.276       0.01509      0.0          0.0          
5.05         66.002       0.01515      0.0          0.0          
5.059        66.24        0.0151       0.0          0.0          
5.068        67.452       0.01483      0.0          0.0          
5.077        67.541       0.01481      0.0          0.0          
5.087        66.366       0.01507      0.0          0.0          
5.096        66.669       0.015        0.0          0.0          
5.105        66.952       0.01494      0.0          0.0          
5.114        67.051       0.01491      0.0          0.0          
5.123        67.439       0.01483      0.0          0.0          
5.132        65.749       0.01521      0.0          0.0          
5.141        65.396       0.01529      0.0          0.0          
5.151        67.151       0.01489      0.0          0.0          
5.16         66.053       0.01514      0.0          0.0          
5.169        69.763       0.01433      0.0          0.0          
5.178        65.502       0.01527      0.0          0.0          
5.187        64.619       0.01548      0.0          0.0          
5.196        67.16        0.01489      0.0          0.0          
5.206        67.26        0.01487      0.0          0.0          
5.215        68.701       0.01456      0.0          0.0          
5.224        68.695       0.01456      0.0          0.0          
5.233        70.214       0.01424      0.0          0.0          
5.242        69.59        0.01437      0.0          0.0          
5.251        70.028       0.01428      0.0          0.0          
5.26         72.0         0.01389      0.0          0.0          
5.27         75.093       0.01332      0.0          0.0          
5.279        73.394       0.01363      0.0          0.0          
5.288        72.046       0.01388      0.0          0.0          
5.297        67.347       0.01485      0.0          0.0          
5.306        65.853       0.01519      0.0          0.0          
5.315        68.026       0.0147       0.0          0.0          
5.324        68.197       0.01466      0.0          0.0          
5.334        67.409       0.01483      0.0          0.0          
5.343        68.483       0.0146       0.0          0.0          
5.352        69.262       0.01444      0.0          0.0          
5.361        65.927       0.01517      0.0          0.0          
5.37         65.314       0.01531      0.0          0.0          
5.379        67.242       0.01487      0.0          0.0          
5.389        65.281       0.01532      0.0          0.0          
5.398        66.715       0.01499      0.0          0.0          
5.407        68.31        0.01464      0.0          0.0          
5.416        68.46        0.01461      0.0          0.0          
5.425        67.795       0.01475      0.0          0.0          
5.434        66.963       0.01493      0.0          0.0          
5.443        68.536       0.01459      0.0          0.0          
5.453        68.804       0.01453      0.0          0.0          
5.462        67.914       0.01472      0.0          0.0          
5.471        70.05        0.01428      0.0          0.0          
5.48         68.749       0.01455      0.0          0.0          
5.489        69.058       0.01448      0.0          0.0          
5.498        71.224       0.01404      0.0          0.0          
5.507        70.017       0.01428      0.0          0.0          
5.517        71.086       0.01407      0.0          0.0          
5.526        72.65        0.01376      0.0          0.0          
5.535        69.017       0.01449      0.0          0.0          
5.544        74.766       0.01337      0.0          0.0          
5.553        74.778       0.01337      0.0          0.0          
5.562        77.222       0.01295      0.0          0.0          
5.572        78.682       0.01271      0.0          0.0          
5.581        83.835       0.01193      0.0          0.0          
5.59         90.618       0.01104      0.0          0.0          
5.599        102.693      0.00974      0.0          0.0          
5.608        120.683      0.00829      0.0          0.0          
5.617        147.34       0.00679      0.0          0.0          
5.626        190.319      0.00525      0.0          0.0          
5.636        262.167      0.00381      0.0          0.0          
5.645        346.607      0.00289      0.0          0.0          
5.654        469.86       0.00213      0.0          0.0          
5.663        583.786      0.00171      0.0          0.0          
5.672        689.938      0.00145      0.0          0.0          
5.681        757.185      0.00132      0.0          0.0          
5.691        800.982      0.00125      0.0          0.0          
5.7          855.976      0.00117      0.0          0.0          
5.709        850.493      0.00118      0.0          0.0          
5.718        801.013      0.00125      0.0          0.0          
5.727        740.861      0.00135      0.0          0.0          
5.736        649.676      0.00154      0.0          0.0          
5.745        533.144      0.00188      0.0          0.0          
5.755        423.05       0.00236      0.0          0.0          
5.764        313.223      0.00319      0.0          0.0          
5.773        232.386      0.0043       0.0          0.0          
5.782        170.839      0.00585      0.0          0.0          
5.791        135.944      0.00736      0.0          0.0          
5.8          109.904      0.0091       0.0          0.0          
5.81         93.995       0.01064      0.0          0.0          
5.819        86.555       0.01155      0.0          0.0          
5.828        80.444       0.01243      0.0          0.0          
5.837        79.581       0.01257      0.0          0.0          
5.846        74.884       0.01335      0.0          0.0          
5.855        73.569       0.01359      0.0          0.0          
5.864        73.341       0.01363      0.0          0.0          
5.874        73.321       0.01364      0.0          0.0          
5.883        70.449       0.01419      0.0          0.0          
5.892        71.95        0.0139       0.0          0.0          
5.901        70.18        0.01425      0.0          0.0          
5.91         70.083       0.01427      0.0          0.0          
5.919        71.164       0.01405      0.0          0.0          
5.928        69.709       0.01435      0.0          0.0          
5.938        69.607       0.01437      0.0          0.0          
5.947        70.723       0.01414      0.0          0.0          
5.956        70.063       0.01427      0.0          0.0          
5.965        68.09        0.01469      0.0          0.0          
5.974        66.694       0.01499      0.0          0.0          
5.983        68.905       0.01451      0.0          0.0          
5.993        68.132       0.01468      0.0          0.0          
6.002        68.622       0.01457      0.0          0.0          
6.011        69.967       0.01429      0.0          0.0          
6.02         69.584       0.01437      0.0          0.0          
6.029        67.625       0.01479      0.0          0.0          
6.038        68.018       0.0147       0.0          0.0          
6.047        69.654       0.01436      0.0          0.0          
6.057        70.01        0.01428      0.0          0.0          
6.066        70.041       0.01428      0.0          0.0          
6.075        68.771       0.01454      0.0          0.0          
6.084        68.856       0.01452      0.0          0.0          
6.093        68.028       0.0147       0.0          0.0          
6.102        69.956       0.01429      0.0          0.0          
6.112        68.824       0.01453      0.0          0.0          
6.121        69.447       0.0144       0.0          0.0          
6.13         69.931       0.0143       0.0          0.0          
6.139        70.388       0.01421      0.0          0.0          
6.148        74.395       0.01344      0.0          0.0          
6.157        74.736       0.01338      0.0          0.0          
6.166        75.306       0.01328      0.0          0.0          
6.176        75.773       0.0132       0.0          0.0          
6.185        74.803       0.01337      0.0          0.0          
6.194        73.737       0.01356      0.0          0.0          
6.203        71.576       0.01397      0.0          0.0          
6.212        70.639       0.01416      0.0          0.0          
6.221        69.431       0.0144       0.0          0.0          
6.231        71.003       0.01408      0.0          0.0          
6.24         70.627       0.01416      0.0          0.0          
6.249        70.552       0.01417      0.0          0.0          
6.258        72.705       0.01375      0.0          0.0          
6.267        70.591       0.01417      0.0          0.0          
6.276        70.85        0.01411      0.0          0.0          
6.285        72.228       0.01385      0.0          0.0          
6.295        70.537       0.01418      0.0          0.0          
6.304        71.502       0.01399      0.0          0.0          
6.313        72.916       0.01371      0.0          0.0          
6.322        74.37        0.01345      0.0          0.0          
6.331        72.296       0.01383      0.0          0.0          
6.34         75.027       0.01333      0.0          0.0          
6.35         76.075       0.01314      0.0          0.0          
6.359        78.076       0.01281      0.0          0.0          
6.368        79.6         0.01256      0.0          0.0          
6.377        82.962       0.01205      0.0          0.0          
6.386        88.632       0.01128      0.0          0.0          
6.395        97.622       0.01024      0.0          0.0          
6.404        116.929      0.00855      0.0          0.0          
6.414        151.872      0.00658      0.0          0.0          
6.423        239.114      0.00418      0.0          0.0          
6.432        423.293      0.00236      0.0          0.0          
6.441        678.66       0.00147      0.0          0.0          
6.45         860.626      0.00116      0.0          0.0          
6.459        851.089      0.00117      0.0          0.0          
6.469        668.19       0.0015       0.0          0.0          
6.478        427.498      0.00234      0.0          0.0          
6.487        253.38       0.00395      0.0          0.0          
6.496        170.927      0.00585      0.0          0.0          
6.505        127.704      0.00783      0.0          0.0          
6.514        106.681      0.00937      0.0          0.0          
6.524        93.613       0.01068      0.0          0.0          
6.533        87.398       0.01144      0.0          0.0          
6.542        83.829       0.01193      0.0          0.0          
6.551        82.854       0.01207      0.0          0.0          
6.56         79.206       0.01263      0.0          0.0          
6.569        79.9         0.01252      0.0          0.0          
6.578        77.644       0.01288      0.0          0.0          
6.588        78.48        0.01274      0.0          0.0          
6.597        75.868       0.01318      0.0          0.0          
6.606        77.459       0.01291      0.0          0.0          
6.615        74.846       0.01336      0.0          0.0          
6.624        75.634       0.01322      0.0          0.0          
6.633        76.4         0.01309      0.0          0.0          
6.643        75.6         0.01323      0.0          0.0          
6.652        76.04        0.01315      0.0          0.0          
6.661        78.345       0.01276      0.0          0.0          
6.67         76.878       0.01301      0.0          0.0          
6.679        76.159       0.01313      0.0          0.0          
6.688        74.536       0.01342      0.0          0.0          
6.697        75.736       0.0132       0.0          0.0          
6.707        77.927       0.01283      0.0          0.0          
6.716        74.93        0.01335      0.0          0.0          
6.725        78.936       0.01267      0.0          0.0          
6.734        78.129       0.0128       0.0          0.0          
6.743        78.833       0.01268      0.0          0.0          
6.752        79.174       0.01263      0.0          0.0          
6.762        81.401       0.01228      0.0          0.0          
6.771        82.502       0.01212      0.0          0.0          
6.78         80.774       0.01238      0.0          0.0          
6.789        80.079       0.01249      0.0          0.0          
6.798        82.854       0.01207      0.0          0.0          
6.807        82.758       0.01208      0.0          0.0          
6.817        84.232       0.01187      0.0          0.0          
6.826        86.703       0.01153      0.0          0.0          
6.835        87.716       0.0114       0.0          0.0          
6.844        90.399       0.01106      0.0          0.0          
6.853        95.031       0.01052      0.0          0.0          
6.862        96.524       0.01036      0.0          0.0          
6.871        100.717      0.00993      0.0          0.0          
6.881        107.69       0.00929      0.0          0.0          
6.89         119.643      0.00836      0.0          0.0          
6.899        138.686      0.00721      0.0          0.0          
6.908        174.823      0.00572      0.0          0.0          
6.917        241.217      0.00415      0.0          0.0          
6.926        354.698      0.00282      0.0          0.0          
6.936        546.352      0.00183      0.0          0.0          
6.945        841.749      0.00119      0.0          0.0          
6.954        1202.214     0.00083      0.0          0.0          
6.963        1574.175     0.00064      0.0          0.0          
6.972        1867.381     0.00054      0.0          0.0          
6.981        2045.787     0.00049      0.0          0.0          
6.991        2068.721     0.00048      0.0          0.0          
7.0          1955.533     0.00051      0.0          0.0          
7.009        1695.468     0.00059      0.0          0.0          
7.018        1327.409     0.00075      0.0          0.0          
7.027        958.527      0.00104      0.0          0.0          
7.036        636.602      0.00157      0.0          0.0          
7.045        412.61       0.00242      0.0          0.0          
7.055        270.971      0.00369      0.0          0.0          
7.064        192.237      0.0052       0.0          0.0          
7.073        150.309      0.00665      0.0          0.0          
7.082        125.409      0.00797      0.0          0.0          
7.091        112.889      0.00886      0.0          0.0          
7.1          103.694      0.00964      0.0          0.0          
7.11         100.309      0.00997      0.0          0.0          
7.119        96.561       0.01036      0.0          0.0          
7.128        91.714       0.0109       0.0          0.0          
7.137        89.246       0.0112       0.0          0.0          
7.146        89.594       0.01116      0.0          0.0          
7.155        85.07        0.01176      0.0          0.0          
7.165        84.566       0.01183      0.0          0.0          
7.174        83.443       0.01198      0.0          0.0          
7.183        84.668       0.01181      0.0          0.0          
7.192        82.556       0.01211      0.0          0.0          
7.201        80.92        0.01236      0.0          0.0          
7.21         82.569       0.01211      0.0          0.0          
7.219        80.87        0.01237      0.0          0.0          
7.229        81.714       0.01224      0.0          0.0          
7.238        80.065       0.01249      0.0          0.0          
7.247        78.652       0.01271      0.0          0.0          
7.256        79.544       0.01257      0.0          0.0          
7.265        79.339       0.0126       0.0          0.0          
7.274        78.896       0.01267      0.0          0.0          
7.284        78.076       0.01281      0.0          0.0          
7.293        78.669       0.01271      0.0          0.0          
7.302        76.106       0.01314      0.0          0.0          
7.311        77.823       0.01285      0.0          0.0          
7.32         78.337       0.01277      0.0          0.0          
7.329        78.345       0.01276      0.0          0.0          
7.339        77.913       0.01283      0.0          0.0          
7.348        78.712       0.0127       0.0          0.0          
7.357        79.627       0.01256      0.0          0.0          
7.366        77.482       0.01291      0.0          0.0          
7.375        77.957       0.01283      0.0          0.0          
7.384        79.995       0.0125       0.0          0.0          
7.394        79.277       0.01261      0.0          0.0          
7.403        78.801       0.01269      0.0          0.0          
7.412        77.398       0.01292      0.0          0.0          
7.421        80.546       0.01242      0.0          0.0          
7.43         80.686       0.01239      0.0          0.0          
7.439        83.269       0.01201      0.0          0.0          
7.448        84.576       0.01182      0.0          0.0          
7.458        85.84        0.01165      0.0          0.0          
7.467        87.391       0.01144      0.0          0.0          
7.476        90.892       0.011        0.0          0.0          
7.485        92.579       0.0108       0.0          0.0          
7.494        98.259       0.01018      0.0          0.0          
7.503        109.252      0.00915      0.0          0.0          
7.513        127.427      0.00785      0.0          0.0          
7.522        163.004      0.00613      0.0          0.0          
7.531        222.44       0.0045       0.0          0.0          
7.54         357.002      0.0028       0.0          0.0          
7.549        565.873      0.00177      0.0          0.0          
7.558        925.228      0.00108      0.0          0.0          
7.568        1249.249     0.0008       0.0          0.0          
7.577        1277.921     0.00078      0.0          0.0          
7.586        1124.751     0.00089      0.0          0.0          
7.595        751.997      0.00133      0.0          0.0          
7.604        469.706      0.00213      0.0          0.0          
7.613        289.197      0.00346      0.0          0.0          
7.623        195.793      0.00511      0.0          0.0          
7.632        146.867      0.00681      0.0          0.0          
7.641        117.046      0.00854      0.0          0.0          
7.65         106.501      0.00939      0.0          0.0          
7.659        95.344       0.01049      0.0          0.0          
7.668        89.528       0.01117      0.0          0.0          
7.677        88.24        0.01133      0.0          0.0          
7.687        84.931       0.01177      0.0          0.0          
7.696        82.062       0.01219      0.0          0.0          
7.705        80.94        0.01235      0.0          0.0          
7.714        80.645       0.0124       0.0          0.0          
7.723        79.975       0.0125       0.0          0.0          
7.732        77.945       0.01283      0.0          0.0          
7.742        79.436       0.01259      0.0          0.0          
7.751        77.473       0.01291      0.0          0.0          
7.76         77.643       0.01288      0.0          0.0          
7.769        77.606       0.01289      0.0          0.0          
7.778        78.33        0.01277      0.0          0.0          
7.787        78.366       0.01276      0.0          0.0          
7.797        78.012       0.01282      0.0          0.0          
7.806        77.332       0.01293      0.0          0.0          
7.815        78.953       0.01267      0.0          0.0          
7.824        78.998       0.01266      0.0          0.0          
7.833        80.066       0.01249      0.0          0.0          
7.842        80.581       0.01241      0.0          0.0          
7.852        86.683       0.01154      0.0          0.0          
7.861        92.968       0.01076      0.0          0.0          
7.87         107.686      0.00929      0.0          0.0          
7.879        147.294      0.00679      0.0          0.0          
7.888        216.738      0.00461      0.0          0.0          
7.897        321.104      0.00311      0.0          0.0          
7.907        389.36       0.00257      0.0          0.0          
7.916        360.919      0.00277      0.0          0.0          
7.925        288.551      0.00347      0.0          0.0          
7.934        198.126      0.00505      0.0          0.0          
7.943        142.171      0.00703      0.0          0.0          
7.952        110.835      0.00902      0.0          0.0          
7.962        97.929       0.01021      0.0          0.0          
7.971        96.587       0.01035      0.0          0.0          
7.98         96.769       0.01033      0.0          0.0          
7.989        101.401      0.00986      0.0          0.0          
7.998        118.145      0.00846      0.0          0.0          
8.007        146.187      0.00684      0.0          0.0          
8.016        190.674      0.00524      0.0          0.0          
8.026        255.595      0.00391      0.0          0.0          
8.035        337.647      0.00296      0.0          0.0          
8.044        420.969      0.00238      0.0          0.0          
8.053        487.605      0.00205      0.0          0.0          
8.062        540.482      0.00185      0.0          0.0          
8.071        554.033      0.0018       0.0          0.0          
8.081        545.979      0.00183      0.0          0.0          
8.09         514.613      0.00194      0.0          0.0          
8.099        462.79       0.00216      0.0          0.0          
8.108        396.637      0.00252      0.0          0.0          
8.117        320.979      0.00312      0.0          0.0          
8.126        251.828      0.00397      0.0          0.0          
8.136        193.327      0.00517      0.0          0.0          
8.145        149.088      0.00671      0.0          0.0          
8.154        118.409      0.00845      0.0          0.0          
8.163        102.443      0.00976      0.0          0.0          
8.172        90.555       0.01104      0.0          0.0          
8.181        84.03        0.0119       0.0          0.0          
8.191        83.118       0.01203      0.0          0.0          
8.2          80.63        0.0124       0.0          0.0          
8.209        77.772       0.01286      0.0          0.0          
8.218        78.116       0.0128       0.0          0.0          
8.227        75.289       0.01328      0.0          0.0          
8.236        78.162       0.01279      0.0          0.0          
8.246        76.361       0.0131       0.0          0.0          
8.255        74.011       0.01351      0.0          0.0          
8.264        73.38        0.01363      0.0          0.0          
8.273        75.245       0.01329      0.0          0.0          
8.282        74.467       0.01343      0.0          0.0          
8.291        72.121       0.01387      0.0          0.0          
8.301        74.411       0.01344      0.0          0.0          
8.31         74.269       0.01346      0.0          0.0          
8.319        75.832       0.01319      0.0          0.0          
8.328        76.427       0.01308      0.0          0.0          
8.337        74.718       0.01338      0.0          0.0          
8.346        73.76        0.01356      0.0          0.0          
8.356        72.773       0.01374      0.0          0.0          
8.365        72.233       0.01384      0.0          0.0          
8.374        73.076       0.01368      0.0          0.0          
8.383        73.373       0.01363      0.0          0.0          
8.392        74.223       0.01347      0.0          0.0          
8.401        70.985       0.01409      0.0          0.0          
8.411        73.336       0.01364      0.0          0.0          
8.42         72.645       0.01377      0.0          0.0          
8.429        71.49        0.01399      0.0          0.0          
8.438        71.42        0.014        0.0          0.0          
8.447        71.451       0.014        0.0          0.0          
8.456        72.776       0.01374      0.0          0.0          
8.466        73.62        0.01358      0.0          0.0          
8.475        71.59        0.01397      0.0          0.0          
8.484        70.757       0.01413      0.0          0.0          
8.493        71.628       0.01396      0.0          0.0          
8.502        72.335       0.01382      0.0          0.0          
8.511        73.09        0.01368      0.0          0.0          
8.521        70.535       0.01418      0.0          0.0          
8.53         70.054       0.01427      0.0          0.0          
8.539        71.068       0.01407      0.0          0.0          
8.548        69.856       0.01432      0.0          0.0          
8.557        71.013       0.01408      0.0          0.0          
8.566        71.253       0.01403      0.0          0.0          
8.576        70.786       0.01413      0.0          0.0          
8.585        70.12        0.01426      0.0          0.0          
8.594        72.09        0.01387      0.0          0.0          
8.603        72.3         0.01383      0.0          0.0          
8.612        72.108       0.01387      0.0          0.0          
8.621        72.213       0.01385      0.0          0.0          
8.631        72.964       0.01371      0.0          0.0          
8.64         72.163       0.01386      0.0          0.0          
8.649        72.114       0.01387      0.0          0.0          
8.658        71.391       0.01401      0.0          0.0          
8.667        71.574       0.01397      0.0          0.0          
8.676        72.162       0.01386      0.0          0.0          
8.686        72.671       0.01376      0.0          0.0          
8.695        72.721       0.01375      0.0          0.0          
8.704        72.055       0.01388      0.0          0.0          
8.713        72.622       0.01377      0.0          0.0          
8.722        73.052       0.01369      0.0          0.0          
8.731        73.019       0.0137       0.0          0.0          
8.741        72.301       0.01383      0.0          0.0          
8.75         71.883       0.01391      0.0          0.0          
8.759        71.184       0.01405      0.0          0.0          
8.768        73.088       0.01368      0.0          0.0          
8.777        73.459       0.01361      0.0          0.0          
8.786        73.581       0.01359      0.0          0.0          
8.796        71.808       0.01393      0.0          0.0          
8.805        73.971       0.01352      0.0          0.0          
8.814        73.568       0.01359      0.0          0.0          
8.823        75.205       0.0133       0.0          0.0          
8.832        74.177       0.01348      0.0          0.0          
8.841        74.995       0.01333      0.0          0.0          
8.851        77.726       0.01287      0.0          0.0          
8.86         77.45        0.01291      0.0          0.0          
8.869        80.464       0.01243      0.0          0.0          
8.878        82.147       0.01217      0.0          0.0          
8.887        85.192       0.01174      0.0          0.0          
8.896        89.987       0.01111      0.0          0.0          
8.906        96.789       0.01033      0.0          0.0          
8.915        104.207      0.0096       0.0          0.0          
8.924        120.367      0.00831      0.0          0.0          
8.933        138.031      0.00724      0.0          0.0          
8.942        161.51       0.00619      0.0          0.0          
8.951        190.27       0.00526      0.0          0.0          
8.961        220.852      0.00453      0.0          0.0          
8.97         253.693      0.00394      0.0          0.0          
8.979        285.575      0.0035       0.0          0.0          
8.988        312.887      0.0032       0.0          0.0          
8.997        343.351      0.00291      0.0          0.0          
9.006        369.384      0.00271      0.0          0.0          
9.016        389.833      0.00257      0.0          0.0          
9.025        410.361      0.00244      0.0          0.0          
9.034        414.68       0.00241      0.0          0.0          
9.043        415.499      0.00241      0.0          0.0          
9.052        405.421      0.00247      0.0          0.0          
9.061        386.037      0.00259      0.0          0.0          
9.071        359.544      0.00278      0.0          0.0          
9.08         327.668      0.00305      0.0          0.0          
9.089        301.26       0.00332      0.0          0.0          
9.098        284.531      0.00351      0.0          0.0          
9.107        290.208      0.00345      0.0          0.0          
9.116        311.193      0.00321      0.0          0.0          
9.126        358.591      0.00279      0.0          0.0          
9.135        412.467      0.00242      0.0          0.0          
9.144        411.679      0.00243      0.0          0.0          
9.153        370.166      0.0027       0.0          0.0          
9.162        310.959      0.00322      0.0          0.0          
9.171        238.993      0.00418      0.0          0.0          
9.181        185.914      0.00538      0.0          0.0          
9.19         150.323      0.00665      0.0          0.0          
9.199        123.689      0.00808      0.0          0.0          
9.208        107.715      0.00928      0.0          0.0          
9.217        95.634       0.01046      0.0          0.0          
9.226        91.588       0.01092      0.0          0.0          
9.236        86.497       0.01156      0.0          0.0          
9.245        84.278       0.01187      0.0          0.0          
9.254        82.384       0.01214      0.0          0.0          
9.263        78.915       0.01267      0.0          0.0          
9.272        77.382       0.01292      0.0          0.0          
9.282        76.608       0.01305      0.0          0.0          
9.291        76.28        0.01311      0.0          0.0          
9.3          77.063       0.01298      0.0          0.0          
9.309        74.739       0.01338      0.0          0.0          
9.318        75.413       0.01326      0.0          0.0          
9.327        75.52        0.01324      0.0          0.0          
9.337        73.5         0.01361      0.0          0.0          
9.346        73.103       0.01368      0.0          0.0          
9.355        73.574       0.01359      0.0          0.0          
9.364        72.841       0.01373      0.0          0.0          
9.373        74.2         0.01348      0.0          0.0          
9.382        73.021       0.01369      0.0          0.0          
9.392        72.239       0.01384      0.0          0.0          
9.401        73.373       0.01363      0.0          0.0          
9.41         73.839       0.01354      0.0          0.0          
9.419        72.449       0.0138       0.0          0.0          
9.428        73.517       0.0136       0.0          0.0          
9.437        73.488       0.01361      0.0          0.0          
9.447        71.15        0.01405      0.0          0.0          
9.456        72.359       0.01382      0.0          0.0          
9.465        71.595       0.01397      0.0          0.0          
9.474        72.486       0.0138       0.0          0.0          
9.483        72.965       0.01371      0.0          0.0          
9.492        71.543       0.01398      0.0          0.0          
9.502        72.534       0.01379      0.0          0.0          
9.511        71.765       0.01393      0.0          0.0          
9.52         71.805       0.01393      0.0          0.0          
9.529        73.68        0.01357      0.0          0.0          
9.538        71.994       0.01389      0.0          0.0          
9.547        72.842       0.01373      0.0          0.0          
9.557        71.455       0.01399      0.0          0.0          
9.566        73.392       0.01363      0.0          0.0          
9.575        72.026       0.01388      0.0          0.0          
9.584        71.53        0.01398      0.0          0.0          
9.593        73.185       0.01366      0.0          0.0          
9.603        72.827       0.01373      0.0          0.0          
9.612        70.789       0.01413      0.0          0.0          
9.621        73.49        0.01361      0.0          0.0          
9.63         72.678       0.01376      0.0          0.0          
9.639        73.042       0.01369      0.0          0.0          
9.648        73.432       0.01362      0.0          0.0          
9.658        74.113       0.01349      0.0          0.0          
9.667        73.786       0.01355      0.0          0.0          
9.676        75.613       0.01323      0.0          0.0          
9.685        73.909       0.01353      0.0          0.0          
9.694        75.414       0.01326      0.0          0.0          
9.703        74.041       0.01351      0.0          0.0          
9.713        74.9         0.01335      0.0          0.0          
9.722        75.666       0.01322      0.0          0.0          
9.731        74.01        0.01351      0.0          0.0          
9.74         75.843       0.01319      0.0          0.0          
9.749        75.541       0.01324      0.0          0.0          
9.758        74.966       0.01334      0.0          0.0          
9.768        77.056       0.01298      0.0          0.0          
9.777        76.368       0.01309      0.0          0.0          
9.786        77.581       0.01289      0.0          0.0          
9.795        80.035       0.01249      0.0          0.0          
9.804        80.047       0.01249      0.0          0.0          
9.814        84.92        0.01178      0.0          0.0          
9.823        90.04        0.01111      0.0          0.0          
9.832        101.271      0.00987      0.0          0.0          
9.841        115.309      0.00867      0.0          0.0          
9.85         139.338      0.00718      0.0          0.0          
9.859        170.596      0.00586      0.0          0.0          
9.869        207.48       0.00482      0.0          0.0          
9.878        247.047      0.00405      0.0          0.0          
9.887        279.594      0.00358      0.0          0.0          
9.896        300.333      0.00333      0.0          0.0          
9.905        290.702      0.00344      0.0          0.0          
9.914        257.534      0.00388      0.0          0.0          
9.924        227.576      0.00439      0.0          0.0          
9.933        222.71       0.00449      0.0          0.0          
9.942        250.133      0.004        0.0          0.0          
9.951        289.853      0.00345      0.0          0.0          
9.96         311.138      0.00321      0.0          0.0          
9.97         295.287      0.00339      0.0          0.0          
9.979        242.081      0.00413      0.0          0.0          
9.988        191.112      0.00523      0.0          0.0          
9.997        146.982      0.0068       0.0          0.0          
10.006       120.904      0.00827      0.0          0.0          
10.015       103.413      0.00967      0.0          0.0          
10.025       94.021       0.01064      0.0          0.0          
10.034       87.921       0.01137      0.0          0.0          
10.043       87.46        0.01143      0.0          0.0          
10.052       83.634       0.01196      0.0          0.0          
10.061       82.108       0.01218      0.0          0.0          
10.07        80.691       0.01239      0.0          0.0          
10.08        80.697       0.01239      0.0          0.0          
10.089       80.162       0.01247      0.0          0.0          
10.098       81.395       0.01229      0.0          0.0          
10.107       81.583       0.01226      0.0          0.0          
10.116       80.495       0.01242      0.0          0.0          
10.125       81.282       0.0123       0.0          0.0          
10.135       82.363       0.01214      0.0          0.0          
10.144       84.812       0.01179      0.0          0.0          
10.153       89.312       0.0112       0.0          0.0          
10.162       99.092       0.01009      0.0          0.0          
10.171       111.308      0.00898      0.0          0.0          
10.181       132.6        0.00754      0.0          0.0          
10.19        167.033      0.00599      0.0          0.0          
10.199       218.73       0.00457      0.0          0.0          
10.208       266.8        0.00375      0.0          0.0          
10.217       297.01       0.00337      0.0          0.0          
10.226       287.241      0.00348      0.0          0.0          
10.236       248.255      0.00403      0.0          0.0          
10.245       205.023      0.00488      0.0          0.0          
10.254       167.99       0.00595      0.0          0.0          
10.263       132.776      0.00753      0.0          0.0          
10.272       114.4        0.00874      0.0          0.0          
10.282       100.346      0.00997      0.0          0.0          
10.291       92.356       0.01083      0.0          0.0          
10.3         87.579       0.01142      0.0          0.0          
10.309       83.622       0.01196      0.0          0.0          
10.318       81.56        0.01226      0.0          0.0          
10.327       81.191       0.01232      0.0          0.0          
10.337       78.405       0.01275      0.0          0.0          
10.346       80.579       0.01241      0.0          0.0          
10.355       80.307       0.01245      0.0          0.0          
10.364       79.744       0.01254      0.0          0.0          
10.373       78.844       0.01268      0.0          0.0          
10.382       78.563       0.01273      0.0          0.0          
10.392       78.983       0.01266      0.0          0.0          
10.401       78.135       0.0128       0.0          0.0          
10.41        76.514       0.01307      0.0          0.0          
10.419       79.914       0.01251      0.0          0.0          
10.428       79.104       0.01264      0.0          0.0          
10.438       79.441       0.01259      0.0          0.0          
10.447       79.218       0.01262      0.0          0.0          
10.456       79.948       0.01251      0.0          0.0          
10.465       79.097       0.01264      0.0          0.0          
10.474       78.258       0.01278      0.0          0.0          
10.483       79.913       0.01251      0.0          0.0          
10.493       79.902       0.01252      0.0          0.0          
10.502       81.149       0.01232      0.0          0.0          
10.511       81.451       0.01228      0.0          0.0          
10.52        83.496       0.01198      0.0          0.0          
10.529       82.348       0.01214      0.0          0.0          
10.539       85.816       0.01165      0.0          0.0          
10.548       86.781       0.01152      0.0          0.0          
10.557       89.721       0.01115      0.0          0.0          
10.566       92.881       0.01077      0.0          0.0          
10.575       96.449       0.01037      0.0          0.0          
10.584       105.578      0.00947      0.0          0.0          
10.594       116.81       0.00856      0.0          0.0          
10.603       135.529      0.00738      0.0          0.0          
10.612       165.059      0.00606      0.0          0.0          
10.621       203.857      0.00491      0.0          0.0          
10.63        248.845      0.00402      0.0          0.0          
10.639       304.144      0.00329      0.0          0.0          
10.649       358.043      0.00279      0.0          0.0          
10.658       409.243      0.00244      0.0          0.0          
10.667       457.881      0.00218      0.0          0.0          
10.676       488.349      0.00205      0.0          0.0          
10.685       506.169      0.00198      0.0          0.0          
10.695       506.029      0.00198      0.0          0.0          
10.704       497.88       0.00201      0.0          0.0          
10.713       480.282      0.00208      0.0          0.0          
10.722       435.618      0.0023       0.0          0.0          
10.731       385.154      0.0026       0.0          0.0          
10.74        324.317      0.00308      0.0          0.0          
10.75        265.674      0.00376      0.0          0.0          
10.759       217.769      0.00459      0.0          0.0          
10.768       178.362      0.00561      0.0          0.0          
10.777       143.298      0.00698      0.0          0.0          
10.786       121.297      0.00824      0.0          0.0          
10.796       108.618      0.00921      0.0          0.0          
10.805       100.237      0.00998      0.0          0.0          
10.814       94.414       0.01059      0.0          0.0          
10.823       90.611       0.01104      0.0          0.0          
10.832       85.316       0.01172      0.0          0.0          
10.841       85.692       0.01167      0.0          0.0          
10.851       84.872       0.01178      0.0          0.0          
10.86        81.848       0.01222      0.0          0.0          
10.869       82.75        0.01208      0.0          0.0          
10.878       80.797       0.01238      0.0          0.0          
10.887       80.731       0.01239      0.0          0.0          
10.897       79.88        0.01252      0.0          0.0          
10.906       79.69        0.01255      0.0          0.0          
10.915       79.87        0.01252      0.0          0.0          
10.924       77.655       0.01288      0.0          0.0          
10.933       78.754       0.0127       0.0          0.0          
10.942       79.355       0.0126       0.0          0.0          
10.952       79.25        0.01262      0.0          0.0          
10.961       79.315       0.01261      0.0          0.0          
10.97        76.933       0.013        0.0          0.0          
10.979       78.546       0.01273      0.0          0.0          
10.988       77.513       0.0129       0.0          0.0          
10.998       77.395       0.01292      0.0          0.0          
11.007       78.968       0.01266      0.0          0.0          
11.016       77.854       0.01284      0.0          0.0          
11.025       79.09        0.01264      0.0          0.0          
11.034       77.569       0.01289      0.0          0.0          
11.043       77.245       0.01295      0.0          0.0          
11.053       79.494       0.01258      0.0          0.0          
11.062       77.205       0.01295      0.0          0.0          
11.071       78.059       0.01281      0.0          0.0          
11.08        77.742       0.01286      0.0          0.0          
11.089       77.129       0.01297      0.0          0.0          
11.099       78.426       0.01275      0.0          0.0          
11.108       79.904       0.01252      0.0          0.0          
