#x	y_obs
1.959	60.421
1.968	62.88
1.977	60.141
1.986	64.718
1.995	58.703
2.005	66.332
2.014	67.067
2.023	63.149
2.032	57.355
2.041	58.686
2.05	57.917
2.059	58.776
2.069	57.276
2.078	56.912
2.087	59.647
2.096	58.782
2.105	56.595
2.114	58.565
2.123	60.047
2.133	55.282
2.142	56.922
2.151	61.387
2.16	59.292
2.169	58.467
2.178	58.943
2.187	61.541
2.197	58.494
2.206	60.301
2.215	60.79
2.224	56.735
2.233	59.522
2.242	59.376
2.251	60.128
2.261	58.113
2.27	62.095
2.279	60.574
2.288	61.812
2.297	58.739
2.306	58.06
2.315	59.436
2.325	60.553
2.334	60.519
2.343	56.796
2.352	58.051
2.361	57.621
2.37	57.747
2.379	59.574
2.389	52.028
2.398	56.072
2.407	59.377
2.416	57.944
2.425	58.562
2.434	58.881
2.443	58.629
2.453	59.764
2.462	59.578
2.471	60.207
2.48	62.187
2.489	58.052
2.498	61.749
2.507	61.492
2.517	60.752
2.526	57.893
2.535	60.978
2.544	58.09
2.553	58.056
2.562	56.825
2.571	58.185
2.581	58.079
2.59	57.133
2.599	57.906
2.608	58.733
2.617	59.677
2.626	59.243
2.635	58.519
2.645	54.824
2.654	58.318
2.663	60.903
2.672	60.573
2.681	58.935
2.69	57.373
2.699	60.079
2.709	59.654
2.718	59.61
2.727	59.282
2.736	59.811
2.745	61.262
2.754	58.073
2.763	60.602
2.773	60.081
2.782	59.804
2.791	58.791
2.8	59.636
2.809	61.579
2.818	60.339
2.827	61.164
2.837	62.504
2.846	57.587
2.855	61.141
2.864	61.993
2.873	60.616
2.882	59.669
2.891	61.645
2.901	59.558
2.91	57.819
2.919	61.724
2.928	60.585
2.937	63.217
2.946	57.583
2.955	62.148
2.965	63.164
2.974	58.927
2.983	62.377
2.992	58.482
3.001	61.894
3.01	59.049
3.019	60.584
3.029	64.361
3.038	62.848
3.047	62.889
3.056	63.192
3.065	63.655
3.074	63.879
3.083	64.644
3.093	64.384
3.102	62.626
3.111	58.78
3.12	61.507
3.129	59.854
3.138	64.59
3.147	62.851
3.157	61.518
3.166	63.353
3.175	62.909
3.184	67.783
3.193	70.422
3.202	71.072
3.211	76.423
3.221	81.852
3.23	80.735
3.239	70.764
3.248	64.851
3.257	63.545
3.266	66.838
3.275	65.694
3.285	66.066
3.294	65.657
3.303	64.518
3.312	66.793
3.321	67.158
3.33	65.678
3.339	65.974
3.349	66.162
3.358	64.57
3.367	65.902
3.376	66.078
3.385	65.296
3.394	66.836
3.403	69.312
3.413	66.68
3.422	67.164
3.431	68.039
3.44	66.901
3.449	67.738
3.458	68.295
3.468	68.736
3.477	69.301
3.486	71.142
3.495	71.619
3.504	67.554
3.513	71.266
3.522	68.276
3.532	68.841
3.541	70.895
3.55	70.158
3.559	71.719
3.568	72.071
3.577	69.14
3.586	70.654
3.596	72.113
3.605	76.394
3.614	73.269
3.623	76.991
3.632	72.393
3.641	75.673
3.65	76.576
3.66	79.207
3.669	77.708
3.678	80.384
3.687	81.601
3.696	85.775
3.705	96.204
3.714	106.607
3.724	104.296
3.733	99.2
3.742	93.916
3.751	90.173
3.76	90.902
3.769	92.489
3.778	94.314
3.788	96.566
3.797	99.712
3.806	100.824
3.815	105.957
3.824	110.46
3.833	115.425
3.842	118.847
3.852	127.346
3.861	137.618
3.87	148.063
3.879	165.367
3.888	182.631
3.897	216.465
3.906	278.198
3.916	399.225
3.925	773.687
3.934	2088.862
3.943	4903.194
3.952	9128.018
3.961	7339.17
3.971	3229.459
3.98	1547.127
3.989	1345.492
3.998	2070.107
4.007	3860.129
4.016	6317.87
4.025	8289.865
4.035	8606.567
4.044	7417.649
4.053	5246.508
4.062	3138.602
4.071	1571.68
4.08	777.774
4.089	447.305
4.099	294.941
4.108	226.227
4.117	188.87
4.126	168.228
4.135	148.427
4.144	137.964
4.153	129.258
4.163	121.571
4.172	115.394
4.181	108.944
4.19	106.243
4.199	103.525
4.208	100.604
4.217	95.686
4.227	94.765
4.236	91.694
4.245	91.531
4.254	87.968
4.263	88.397
4.272	86.856
4.281	83.231
4.291	84.146
4.3	83.32
4.309	81.97
4.318	82.767
4.327	82.086
4.336	80.919
4.346	81.208
4.355	79.177
4.364	78.173
4.373	79.996
4.382	80.093
4.391	79.521
4.4	80.187
4.41	79.828
4.419	80.644
4.428	80.992
4.437	83.603
4.446	83.94
4.455	89.284
4.464	91.841
4.474	93.585
4.483	99.589
4.492	107.079
4.501	127.166
4.51	152.572
4.519	215.545
4.528	334.411
4.538	595.965
4.547	1138.977
4.556	1638.973
4.565	1701.503
4.574	1191.779
4.583	714.965
4.593	415.921
4.602	239.751
4.611	161.341
4.62	121.881
4.629	106.212
4.638	98.793
4.647	89.195
4.657	84.2
4.666	82.433
4.675	78.239
4.684	77.276
4.693	73.125
4.702	76.618
4.711	74.319
4.721	71.199
4.73	70.249
4.739	68.462
4.748	70.145
4.757	68.228
4.766	68.256
4.775	71.476
4.785	68.415
4.794	69.166
4.803	67.955
4.812	68.569
4.821	66.881
4.83	69.747
4.84	68.971
4.849	68.093
4.858	68.381
4.867	68.731
4.876	65.776
4.885	67.13
4.894	66.413
4.904	68.013
4.913	67.967
4.922	66.876
4.931	66.553
4.94	67.652
4.949	68.124
4.958	67.512
4.968	68.544
4.977	65.097
4.986	66.029
4.995	66.109
5.004	67.451
5.013	67.663
5.023	67.295
5.032	65.235
5.041	67.445
5.05	67.914
5.059	66.057
5.068	67.787
5.077	66.291
5.087	63.447
5.096	66.473
5.105	65.699
5.114	67.768
5.123	66.022
5.132	67.971
5.141	65.488
5.151	68.076
5.16	65.922
5.169	66.64
5.178	65.934
5.187	67.186
5.196	65.69
5.206	67.589
5.215	68.448
5.224	66.943
5.233	67.74
5.242	71.519
5.251	71.126
5.26	74.755
5.27	74.201
5.279	72.354
5.288	70.303
5.297	68.607
5.306	67.665
5.315	67.802
5.324	66.538
5.334	68.804
5.343	66.713
5.352	69.04
5.361	68.452
5.37	68.618
5.379	68.023
5.389	68.363
5.398	66.706
5.407	67.069
5.416	68.276
5.425	66.706
5.434	67.455
5.443	66.152
5.453	69.133
5.462	68.248
5.471	67.065
5.48	67.729
5.489	67.976
5.498	70.714
5.507	70.481
5.517	70.961
5.526	70.021
5.535	73.231
5.544	72.536
5.553	73.459
5.562	76.446
5.572	78.523
5.581	82.157
5.59	87.946
5.599	97.479
5.608	110.198
5.617	137.694
5.626	176.093
5.636	241.671
5.645	315.048
5.654	425.835
5.663	547.64
5.672	650.922
5.681	760.216
5.691	854.656
5.7	930.154
5.709	978.219
5.718	969.332
5.727	923.474
5.736	814
5.745	679.698
5.755	542.23
5.764	407.336
5.773	296.752
5.782	215.516
5.791	162.752
5.8	124.461
5.81	104.574
5.819	93.76
5.828	83.916
5.837	82.578
5.846	78.746
5.855	75.308
5.864	75.583
5.874	73.129
5.883	72.182
5.892	73.836
5.901	70.883
5.91	70.619
5.919	69.441
5.928	70.11
5.938	69.167
5.947	70.926
5.956	70.657
5.965	69.495
5.974	68.927
5.983	69.969
5.993	67.593
6.002	70.001
6.011	69.9
6.02	68.056
6.029	68.202
6.038	67.017
6.047	68.303
6.057	71.542
6.066	69.595
6.075	68.92
6.084	69.118
6.093	68.636
6.102	68.518
6.112	69.408
6.121	69.008
6.13	69.196
6.139	70.774
6.148	71.609
6.157	73.378
6.166	75.468
6.176	76.476
6.185	74.748
6.194	74.449
6.203	72.867
6.212	70.691
6.221	72.052
6.231	71.376
6.24	71.173
6.249	72.165
6.258	70.102
6.267	72.24
6.276	72.68
6.285	72.496
6.295	72.453
6.304	75.87
6.313	74.824
6.322	75.064
6.331	76.592
6.34	78.311
6.35	77.51
6.359	81.697
6.368	85.403
6.377	88.505
6.386	92.513
6.395	103.758
6.404	117.035
6.414	152.502
6.423	228.236
6.432	372.683
6.441	687.006
6.45	962.774
6.459	1227.364
6.469	1008.344
6.478	652.311
6.487	381.855
6.496	228.122
6.505	164.269
6.514	126.175
6.524	109.051
6.533	100.007
6.542	92.477
6.551	89.413
6.56	85.614
6.569	83.706
6.578	81.669
6.588	80.781
6.597	79.617
6.606	77.986
6.615	80.683
6.624	78.411
6.633	77.595
6.643	76.4
6.652	77.625
6.661	77.033
6.67	77.479
6.679	77.497
6.688	78.998
6.697	78.558
6.707	77.327
6.716	78.497
6.725	76.646
6.734	78.509
6.743	79.366
6.752	80.19
6.762	80.158
6.771	81.507
6.78	82.602
6.789	83.494
6.798	82.808
6.807	84.81
6.817	86.01
6.826	85.69
6.835	90.085
6.844	90.986
6.853	94.519
6.862	97.035
6.871	101.408
6.881	111.297
6.89	121.974
6.899	140.639
6.908	174.921
6.917	237.027
6.926	348.56
6.936	535.91
6.945	802.456
6.954	1157.458
6.963	1517.01
6.972	1868.88
6.981	2128.361
6.991	2244.659
7	2158.328
7.009	1893.936
7.018	1491.949
7.027	1084.38
7.036	735.244
7.045	464.91
7.055	300.839
7.064	208.681
7.073	159.753
7.082	133.961
7.091	119.144
7.1	110.369
7.11	102.893
7.119	98.59
7.128	94.732
7.137	93.048
7.146	90.973
7.155	90.131
7.165	87.108
7.174	86.91
7.183	85.383
7.192	85.24
7.201	81.532
7.21	83.449
7.219	83.336
7.229	83.187
7.238	83.182
7.247	79.613
7.256	81.776
7.265	79.477
7.274	79.74
7.284	81.343
7.293	78.583
7.302	79.115
7.311	79.028
7.32	78.503
7.329	80.457
7.339	80.076
7.348	78.512
7.357	78.535
7.366	78.842
7.375	80.317
7.384	80.781
7.394	83.105
7.403	80.182
7.412	80.608
7.421	81.77
7.43	82.677
7.439	83.511
7.448	86.291
7.458	86.247
7.467	90.886
7.476	92.306
7.485	97.55
7.494	101.722
7.503	113.084
7.513	132.038
7.522	165.579
7.531	233.091
7.54	378.965
7.549	606.424
7.558	1009.196
7.568	1294.876
7.577	1357.764
7.586	1159.348
7.595	793.848
7.604	508.652
7.613	309.502
7.623	210.219
7.632	153.399
7.641	126.605
7.65	108.957
7.659	98.526
7.668	94.438
7.677	88.391
7.687	86.715
7.696	84.492
7.705	83.27
7.714	81.055
7.723	79.97
7.732	79.361
7.742	78.615
7.751	80.551
7.76	79.615
7.769	77.086
7.778	78.922
7.787	78.232
7.797	77.717
7.806	79.925
7.815	80.354
7.824	79.931
7.833	80.851
7.842	82.37
7.852	86.346
7.861	90.069
7.87	104.835
7.879	136.172
7.888	193.499
7.897	312.119
7.907	410.304
7.916	460.591
7.925	345.083
7.934	239.196
7.943	158.337
7.952	120.606
7.962	102.565
7.971	96.433
7.98	98.375
7.989	104.629
7.998	119.055
8.007	143.697
8.016	188.591
8.026	250.395
8.035	322.42
8.044	402.266
8.053	460.33
8.062	498.708
8.071	508.227
8.081	487.674
8.09	458.661
8.099	403.997
8.108	348.689
8.117	283.371
8.126	224.812
8.136	174.12
8.145	134.872
8.154	110.792
8.163	94.376
8.172	86.811
8.181	84.521
8.191	80.567
8.2	79.525
8.209	78.039
8.218	76.753
8.227	76.05
8.236	75.698
8.246	75.114
8.255	74.89
8.264	76.643
8.273	74.497
8.282	74.545
8.291	75.378
8.301	72.753
8.31	74.544
8.319	77.222
8.328	74.123
8.337	76.327
8.346	75.902
8.356	72.83
8.365	71.523
8.374	72.064
8.383	72.455
8.392	70.586
8.401	71.757
8.411	72.975
8.42	72.278
8.429	71.877
8.438	72.64
8.447	70.816
8.456	74.036
8.466	71.355
8.475	73.308
8.484	71.029
8.493	70.563
8.502	71.673
8.511	71.08
8.521	70.778
8.53	68.997
8.539	71.163
8.548	71.502
8.557	71.584
8.566	70.872
8.576	71.858
8.585	71.11
8.594	71.764
8.603	72.46
8.612	70.806
8.621	71.098
8.631	71.488
8.64	71.948
8.649	73.406
8.658	71.952
8.667	71.57
8.676	71.888
8.686	72.659
8.695	73.298
8.704	72.161
8.713	70.841
8.722	72.068
8.731	74.467
8.741	72.47
8.75	73.31
8.759	72.457
8.768	72.855
8.777	72.012
8.786	74.569
8.796	74.179
8.805	75.32
8.814	73.561
8.823	76.265
8.832	78.732
8.841	76.663
8.851	79
8.86	76.629
8.869	77.633
8.878	82
8.887	85.356
8.896	89.193
8.906	95.965
8.915	106.1
8.924	118.411
8.933	137.073
8.942	160.474
8.951	187.599
8.961	223.039
8.97	256.934
8.979	291.63
8.988	323.097
8.997	356.142
9.006	382.664
9.016	408.943
9.025	432.72
9.034	444.671
9.043	443.641
9.052	432.624
9.061	413.197
9.071	381.01
9.08	341.354
9.089	303.833
9.098	267.022
9.107	242.423
9.116	226.532
9.126	221.442
9.135	219.644
9.144	201.246
9.153	175.576
9.162	146.268
9.171	124.399
9.181	106.913
9.19	97.05
9.199	88.58
9.208	84.055
9.217	79.469
9.226	78.867
9.236	78.243
9.245	77.389
9.254	75.437
9.263	76.206
9.272	75.114
9.282	74.344
9.291	75.173
9.3	74.206
9.309	73.39
9.318	75.974
9.327	72.794
9.337	73.049
9.346	74.362
9.355	73.226
9.364	72.332
9.373	73.27
9.382	73.233
9.392	72.366
9.401	74.589
9.41	72.109
9.419	71.451
9.428	72.444
9.437	72.505
9.447	74.82
9.456	72.018
9.465	71.07
9.474	74.347
9.483	73.029
9.492	72.036
9.502	71.691
9.511	71.717
9.52	72.194
9.529	70.493
9.538	73.107
9.547	72.228
9.557	71.559
9.566	71.924
9.575	72.657
9.584	73.822
9.593	72.745
9.603	72.866
9.612	74.076
9.621	73.56
9.63	73.881
9.639	74.156
9.648	74.948
9.658	73.009
9.667	73.823
9.676	75.365
9.685	74.577
9.694	74.786
9.703	74.791
9.713	75.037
9.722	74.591
9.731	73.898
9.74	75.56
9.749	74.427
9.758	75.378
9.768	74.489
9.777	76.958
9.786	78.329
9.795	77.531
9.804	81.225
9.814	83.519
9.823	88.158
9.832	99.465
9.841	111.569
9.85	129.384
9.859	154.966
9.869	182.49
9.878	210.653
9.887	235.603
9.896	235.208
9.905	227.322
9.914	208.152
9.924	194.79
9.933	212.254
9.942	256.748
9.951	319.906
9.96	358.053
9.97	327.159
9.979	263.381
9.988	198.146
9.997	148.824
10.006	120.001
10.015	103.766
10.025	93.293
10.034	88.531
10.043	87.219
10.052	82.923
10.061	82.097
10.07	81.83
10.08	82.317
10.089	81.128
10.098	80.32
10.107	82.22
10.116	81.559
10.125	83.968
10.135	84.167
10.144	86.546
10.153	92.808
10.162	99.936
10.171	113.809
10.181	140.887
10.19	188.527
10.199	249.284
10.208	325.613
10.217	377.981
10.226	374.323
10.236	323.668
10.245	250
10.254	191.19
10.263	146.406
10.272	119.33
10.282	103.35
10.291	91.728
10.3	87.746
10.309	83.885
10.318	80.584
10.327	80.791
10.337	81.172
10.346	80.553
10.355	79.942
10.364	80.443
10.373	80.925
10.382	80.208
10.392	79.856
10.401	79.514
10.41	79.511
10.419	79.51
10.428	78.446
10.438	80.152
10.447	79.79
10.456	79.377
10.465	78.869
10.474	80.671
10.483	81.654
10.493	80.849
10.502	82.105
10.511	82.337
10.52	83.071
10.529	84.004
10.539	86.314
10.548	88.686
10.557	88.955
10.566	94.514
10.575	99.19
10.584	108.241
10.594	122.598
10.603	143.527
10.612	176.571
10.621	220.393
10.63	270.657
10.639	330.309
10.649	389.668
10.658	447.428
10.667	497.381
10.676	527.574
10.685	544.401
10.695	540.169
10.704	519.144
10.713	481.571
10.722	430.525
10.731	372.785
10.74	312.576
10.75	257.118
10.759	206.68
10.768	169.041
10.777	138.537
10.786	119.828
10.796	106.738
10.805	100.498
10.814	93.462
10.823	90.499
10.832	88.188
10.841	86.694
10.851	84.234
10.86	84.076
10.869	83.708
10.878	81.801
10.887	82.209
10.897	80.419
10.906	81.023
10.915	78.973
10.924	80.066
10.933	79.693
10.942	80.34
10.952	79.594
10.961	79.008
10.97	79.021
10.979	79.299
10.988	79.243
10.998	77.572
11.007	79.13
11.016	79.996
11.025	78.553
11.034	80.671
11.043	78.129
11.053	80.42
11.062	79.252
11.071	80.438
11.08	78.621
11.089	79.545
11.099	80.098
11.108	82.419